0	0	1161.6863	1162	597.1437	597
0	0	1162.9757	1163	597.7464	598
0	0	1163.1803	1163	597.27455	597
0	0	1162.886	1163	593.98235	594
0	0	1162.0176	1162	592.9857	593
0	0	1162.1642	1162	590.88835	591
0	0	1162.6229	1163	590.99955	591
0	0	1161.5646	1162	590.1197	590
0	0	1161.1272	1161	590.8969	591
0	0	1161.5929	1162	588.4565	588
0	0	1162.2902	1162	586.4598	586
0	0	1160.8051	1161	585.7924	586
0	0	1161.7319	1162	585.3018	585
0	0	1160.7028	1161	586.2744	586
0	0	1160.3091	1160	586.31225	586
0	0	1159.9904	1160	586.3629	586
0	0	1159.9421	1160	584.98395	585
0	0	1160.5031	1161	583.417	583
0	0	1163.6874	1164	584.9477	585
0	0	1163.2267	1163	586.69755	587
0	0	1163.9034	1164	587.125	587
0	0	1166.5417	1167	585.3412	585
0	0	1167.1388	1167	585.2663	585
0	0	1165.9824	1166	585.80565	586
0	0	1167.9357	1168	585.6026	586
0	0	1169.8177	1170	585.638	586
0	0	1167.9724	1168	585.8567	586
0	0	1168.7177	1169	583.9239	584
0	0	1169.0411	1169	583.74835	584
0	0	1170.3132	1170	582.6761	583
0	0	1170.4836	1170	585.0976	585
0	0	1171.2418	1171	583.79905	584
0	0	1169.8558	1170	584.2972	584
0	0	1171.2432	1171	583.3407	583
0	0	1179.7169	1180	582.9359	583
0	0	1178.0408	1178	583.16805	583
0	0	1177.163	1177	583.0561	583
0	0	1174.2419	1174	583.7454	584
0	0	1173.356	1173	586.6537	587
0	0	1169.7283	1170	586.9195	587
0	0	1167.3798	1167	587.4648	587
0	0	1166.9275	1167	587.6164	588
0	0	1168.6313	1169	588.4492	588
0	0	1171.4614	1171	588.11385	588
0	0	1169.2937	1169	591.7322	592
0	0	1166.9077	1167	590.973	591
0	0	1166.0251	1166	590.3781	590
0	0	1164.6703	1165	590.98625	591
0	0	1166.3329	1166	589.2688	589
0	0	1165.1896	1165	586.68775	587
0	0	1162.1333	1162	588.03705	588
0	0	1162.938	1163	587.88	588
0	0	1162.9297	1163	585.31275	585
0	0	1161.2029	1161	586.3133	586
0	0	1151.8242	1152	588.47375	588
0	0	1153.9375	1154	587.5437	588
0	0	1152.8094	1153	586.7204	587
0	0	1151.5555	1152	589.43345	589
0	0	1150.2198	1150	589.1211	589
0	0	1148.9982	1149	588.17805	588
0	0	1147.6284	1148	586.64415	587
0	0	1147.879	1148	584.6217	585
0	0	1144.882	1145	586.38355	586
0	0	1141.1042	1141	588.90065	589
0	0	1141.6743	1142	587.6795	588
0	0	1139.0562	1139	591.0104	591
0	0	1139.0653	1139	591.19835	591
0	0	1140.0028	1140	586.9106	587
0	0	1139.9822	1140	582.77755	583
0	0	1136.9554	1137	584.18975	584
0	0	1135.1139	1135	585.6537	586
0	0	1133.9823	1134	586.13945	586
0	0	1132.6956	1133	585.9929	586
0	0	1127.6833	1128	586.54425	587
0	0	1125.3434	1125	589.06085	589
0	0	1121.0781	1121	590.40925	590
0	0	1120.0133	1120	589.21145	589
0	0	1116.3308	1116	589.7312	590
0	0	1114.8879	1115	590.16225	590
0	0	1112.8593	1113	588.9514	589
0	0	1111.486	1111	586.86065	587
0	0	1111.2537	1111	585.67705	586
0	0	1111.1155	1111	584.20835	584
0	0	1106.6835	1107	585.5388	586
0	0	1106.2836	1106	585.4864	585
0	0	1107.7096	1108	582.74395	583
0	0	1106.1847	1106	581.2625	581
0	0	1104.8196	1105	581.3526	581
0	0	1105.4137	1105	581.4756	581
0	0	1104.885	1105	582.4452	582
0	0	1104.9868	1105	589.3406	589
0	0	1100.7393	1101	588.68585	589
0	0	1100.1787	1100	589.19555	589
0	0	1103.7147	1104	585.8384	586
0	0	1105.4589	1105	584.34905	584
0	0	1102.3917	1102	587.6227	588
0	0	1102.9373	1103	588.02435	588
0	0	1104.2891	1104	587.17975	587
0	0	1103.7441	1104	588.61555	589
0	0	1100.9827	1101	587.82855	588
0	0	1100.856	1101	587.661	588
0	0	1103.3533	1103	587.0954	587
0	0	1103.8661	1104	585.3773	585
0	0	1102.0614	1102	587.6956	588
0	0	1102.3097	1102	588.4334	588
0	0	1102.7609	1103	588.26105	588
0	0	1104.4662	1104	586.05145	586
0	0	1103.8376	1104	587.07165	587
0	0	1105.6584	1106	587.22805	587
0	0	1106.2633	1106	590.07465	590
0	0	1106.8433	1107	589.57045	590
0	0	1106.863	1107	591.9621	592
0	0	1106.429	1106	591.97925	592
0	0	1105.9374	1106	593.10315	593
0	0	1104.7393	1105	593.1736	593
0	0	1105.7087	1106	595.62055	596
0	0	1101.174	1101	598.85265	599
0	0	1100.8209	1101	599.6406	600
0	0	1101.7249	1102	597.9489	598
0	0	1102.0571	1102	597.76855	598
0	0	1101.4862	1101	597.4325	597
0	0	1097.8638	1098	598.73035	599
0	0	1093.6495	1094	599.46155	599
0	0	1091.406	1091	600.6038	601
0	0	1090.1288	1090	604.1491	604
0	0	1088.0642	1088	604.89075	605
0	0	1087.932	1088	602.07145	602
0	0	1087.4449	1087	604.1479	604
0	0	1088.7603	1089	606.6598	607
0	0	1087.8458	1088	606.38435	606
0	0	1087.8351	1088	606.0313	606
0	0	1088.5365	1089	606.4553	606
0	0	1089.4745	1089	605.00875	605
0	0	1092.5244	1093	602.94695	603
0	0	1095.2148	1095	601.88695	602
0	0	1096.394	1096	601.5484	602
0	0	1097.9092	1098	602.2642	602
0	0	1100.4963	1100	600.77395	601
0	0	1100.262	1100	600.27685	600
0	0	1101.8921	1102	596.7442	597
0	0	1104.9625	1105	595.6228	596
0	0	1107.3895	1107	594.48445	594
0	0	1107.0255	1107	593.30235	593
0	0	1104.7407	1105	592.51485	593
0	0	1106.24	1106	589.657	590
0	0	1105.0443	1105	590.21215	590
0	0	1104.2358	1104	588.7218	589
0	0	1103.931	1104	587.33465	587
0	0	1104.7041	1105	585.82105	586
0	0	1104.2603	1104	584.7751	585
0	0	1103.2607	1103	583.96775	584
0	0	1104.7112	1105	582.15385	582
0	0	1102.296	1102	581.2146	581
0	0	1102.4097	1102	578.6938	579
0	0	1098.6118	1099	579.9419	580
0	0	1096.2054	1096	580.49285	580
0	0	1097.8164	1098	580.5391	581
0	0	1097.7712	1098	578.80665	579
0	0	1097.8347	1098	576.9434	577
0	0	1100.8461	1101	576.08415	576
0	0	1101.2452	1101	573.01815	573
0	0	1101.4386	1101	574.0547	574
0	0	1099.5952	1100	573.12425	573
0	0	1100.1721	1100	572.11065	572
0	0	1097.4994	1097	572.4496	572
0	0	1099.3044	1099	572.51415	573
0	0	1099.8666	1100	570.92645	571
0	0	1100.7218	1101	571.2904	571
0	0	1099.3247	1099	570.73525	571
0	0	1097.8429	1098	570.7055	571
0	0	1100.8027	1101	572.35145	572
0	0	1106.1702	1106	572.0446	572
0	0	1107.3077	1107	571.21615	571
0	0	1104.9492	1105	570.78505	571
0	0	1102.4889	1102	570.18585	570
0	0	1104.356	1104	569.7205	570
0	0	1103.3483	1103	567.75365	568
0	0	1104.6121	1105	567.66045	568
0	0	1105.6057	1106	567.7949	568
0	0	1106.4305	1106	567.84385	568
0	0	1103.1487	1103	568.56355	569
0	0	1105.4503	1105	569.3565	569
0	0	1105.6147	1106	568.1687	568
0	0	1103.2679	1103	568.69665	569
0	0	1104.0869	1104	570.56425	571
0	0	1103.3904	1103	570.69695	571
0	0	1103.1561	1103	568.8145	569
0	0	1104.7164	1105	566.78975	567
0	0	1104.4303	1104	565.4397	565
0	0	1103.7585	1104	565.41615	565
0	0	1106.0645	1106	564.507	565
0	0	1103.5823	1104	566.2207	566
0	0	1103.8015	1104	568.0188	568
0	0	1101.2092	1101	567.62525	568
0	0	1099.4594	1099	565.6064	566
0	0	1097.4821	1097	566.95115	567
0	0	1097.5803	1098	567.4004	567
0	0	1097.51	1098	567.5943	568
0	0	1096.443	1096	568.3714	568
0	0	1093.2288	1093	568.27075	568
0	0	1093.4153	1093	568.92925	569
0	0	1094.8364	1095	567.07265	567
0	0	1096.4375	1096	567.6388	568
0	0	1098.0443	1098	567.6074	568
0	0	1098.4558	1098	567.982	568
0	0	1100.7291	1101	565.8454	566
0	0	1102.3806	1102	565.20475	565
0	0	1100.9082	1101	564.38585	564
0	0	1104.5356	1105	561.7725	562
0	0	1105.7238	1106	563.8357	564
0	0	1106.1462	1106	563.0469	563
0	0	1106.5485	1107	564.29795	564
0	0	1105.0642	1105	564.1513	564
0	0	1102.0519	1102	564.7126	565
0	0	1100.8519	1101	565.78715	566
0	0	1101.09	1101	564.5176	565
0	0	1103.0829	1103	564.4892	564
0	0	1102.967	1103	563.1662	563
0	0	1102.5133	1103	563.18465	563
0	0	1104.5957	1105	561.5995	562
0	0	1106.8325	1107	560.58555	561
0	0	1108.6643	1109	560.0943	560
0	0	1110.198	1110	559.43635	559
0	0	1112.2404	1112	559.3434	559
0	0	1112.2446	1112	557.3481	557
0	0	1111.2882	1111	557.9719	558
0	0	1111.6935	1112	557.7672	558
0	0	1110.7217	1111	558.2314	558
0	0	1110.1844	1110	559.5374	560
0	0	1108.3193	1108	561.2453	561
0	0	1109.4985	1109	561.44865	561
0	0	1109.5637	1110	561.0334	561
0	0	1108.5966	1109	560.45705	560
0	0	1109.3431	1109	559.66015	560
0	0	1115.3879	1115	560.78465	561
0	0	1117.3242	1117	561.9956	562
0	0	1121.0426	1121	559.5464	560
0	0	1123.4344	1123	559.6626	560
0	0	1123.4519	1123	561.1167	561
0	0	1125.9259	1126	561.24445	561
0	0	1128.1799	1128	561.538	562
0	0	1129.9156	1130	561.0458	561
0	0	1132.9417	1133	562.86705	563
0	0	1135.3226	1135	562.20225	562
0	0	1134.7313	1135	562.11375	562
0	0	1133.8323	1134	562.78215	563
0	0	1137.3942	1137	562.06355	562
0	0	1135.5792	1136	562.1414	562
0	0	1136.5791	1137	562.33455	562
0	0	1137.0491	1137	561.1809	561
0	0	1136.8698	1137	562.26655	562
0	0	1136.7444	1137	561.06585	561
0	0	1136.8529	1137	560.4033	560
0	0	1133.3109	1133	559.2867	559
0	0	1130.1818	1130	561.2922	561
0	0	1124.6272	1125	562.94665	563
0	0	1119.158	1119	561.73675	562
0	0	1108.958	1109	562.91675	563
0	0	1099.156	1099	562.91255	563
0	0	1092.9263	1093	563.7891	564
0	0	1077.7502	1078	560.52915	561
0	0	1060.2576	1060	559.7686	560
0	0	1048.9186	1049	560.43255	560
0	0	1036.1239	1036	559.7703	560
0	0	1026.1403	1026	558.69395	559
0	0	1017.3735	1017	559.24215	559
0	0	1009.9026	1010	561.0061	561
0	0	1006.231	1006	562.88495	563
0	0	1003.5071	1004	560.75675	561
0	0	999.6807	1000	559.75295	560
0	0	995.7414	996	558.76985	559
0	0	995.2704	995	559.4535	559
0	0	991.4891	991	559.2873	559
0	0	990.0162	990	561.7127	562
0	0	988.5731	989	561.36725	561
0	0	986.8442	987	562.82745	563
0	0	985.8937	986	562.6602	563
0	0	987.2438	987	562.2748	562
0	0	989.7274	990	560.91255	561
0	0	993.4191	993	559.0991	559
0	0	996.8094	997	562.2203	562
0	0	1001.5256	1002	565.0284	565
0	0	1008.5557	1009	566.21295	566
0	0	1021.1601	1021	565.8825	566
0	0	1035.3696	1035	564.77485	565
0	0	1056.7394	1057	563.76765	564
0	0	1080.4789	1080	563.49175	563
0	0	1104.6877	1105	561.0283	561
0	0	1126.4971	1126	560.4629	560
0	0	1147.6526	1148	560.52495	561
0	0	1163.7385	1164	560.83515	561
0	0	1174.0182	1174	560.09645	560
0	0	1175.8247	1176	560.8581	561
0	0	1172.2379	1172	560.34505	560
0	0	1167.8326	1168	563.05945	563
0	0	1162.1843	1162	564.4281	564
0	0	1156.0692	1156	563.6267	564
0	0	1147.9761	1148	563.38765	563
0	0	1139.7306	1140	564.3939	564
0	0	1135.0616	1135	566.52905	567
0	0	1129.99	1130	567.12855	567
0	0	1123.0217	1123	566.72405	567
0	0	1120.0276	1120	564.5765	565
0	0	1118.3623	1118	563.5869	564
0	0	1115.4834	1115	560.30535	560
0	0	1113.3516	1113	560.1773	560
0	0	1111.4946	1111	560.1236	560
0	0	1111.0305	1111	560.20005	560
0	0	1108.7546	1109	559.99205	560
0	0	1109.4912	1109	561.7335	562
0	0	1109.1877	1109	562.1841	562
0	0	1108.6219	1109	561.16915	561
0	0	1107.2738	1107	560.987	561
0	0	1103.6417	1104	561.9094	562
0	0	1103.6798	1104	561.66665	562
0	0	1098.8706	1099	561.29995	561
0	0	1096.1052	1096	562.49285	562
0	0	1095.3652	1095	563.0392	563
0	0	1095.4058	1095	562.6617	563
0	0	1093.3885	1093	560.316	560
0	0	1091.8447	1092	562.4059	562
0	0	1093.1241	1093	562.1187	562
0	0	1092.3005	1092	561.40615	561
0	0	1091.9335	1092	562.46895	562
0	0	1089.5961	1090	561.38975	561
0	0	1087.7728	1088	560.3557	560
0	0	1088.9659	1089	559.33815	559
0	0	1087.4824	1087	559.4038	559
0	0	1089.2407	1089	558.01705	558
0	0	1088.785	1089	556.61375	557
0	0	1087.6858	1088	558.33715	558
0	0	1088.2654	1088	558.63305	559
0	0	1089.015	1089	558.0328	558
0	0	1088.1121	1088	558.0365	558
0	0	1089.4307	1089	559.79955	560
0	0	1089.5388	1090	558.9876	559
0	0	1090.0464	1090	557.29995	557
0	0	1089.5176	1090	559.4929	559
0	0	1089.5891	1090	562.6392	563
0	0	1089.4371	1089	565.3877	565
0	0	1090.7041	1091	564.56395	565
0	0	1091.0703	1091	563.58675	564
0	0	1089.9069	1090	561.94525	562
0	0	1089.5045	1090	560.97565	561
0	0	1092.0586	1092	559.95025	560
0	0	1091.7773	1092	558.7697	559
0	0	1094.8997	1095	562.4435	562
0	0	1096.7288	1097	561.5492	562
0	0	1096.7803	1097	560.64485	561
0	0	1097.172	1097	561.59235	562
0	0	1097.9293	1098	562.0297	562
0	0	1096.5327	1097	562.53405	563
0	0	1098.4414	1098	561.7726	562
0	0	1097.6276	1098	562.81575	563
0	0	1098.9783	1099	561.90075	562
0	0	1098.8623	1099	560.2296	560
0	0	1097.0385	1097	560.30595	560
0	0	1097.8212	1098	559.9578	560
0	0	1096.405	1096	558.6158	559
0	0	1095.2679	1095	559.9988	560
0	0	1095.7571	1096	562.179	562
0	0	1095.5133	1096	562.81495	563
0	0	1094.7357	1095	562.51005	563
0	0	1094.1759	1094	559.87315	560
0	0	1093.5425	1094	559.93725	560
0	0	1091.8093	1092	558.68915	559
0	0	1092.7555	1093	558.49815	558
0	0	1090.8019	1091	560.0135	560
0	0	1090.6294	1091	558.28095	558
0	0	1089.6597	1090	557.68755	558
0	0	1088.8442	1089	555.5669	556
0	0	1089.7338	1090	556.4491	556
0	0	1089.0743	1089	556.3938	556
0	0	1087.1702	1087	555.3189	555
0	0	1086.6578	1087	555.0083	555
0	0	1089.5928	1090	551.6767	552
0	0	1088.7301	1089	553.0681	553
0	0	1088.8513	1089	554.33515	554
0	0	1090.3396	1090	554.68145	555
0	0	1090.355	1090	555.48195	555
0	0	1091.5675	1092	556.8603	557
0	0	1094.7296	1095	554.9868	555
0	0	1096.0309	1096	553.81925	554
0	0	1096.675	1097	555.3936	555
0	0	1096.4268	1096	557.3988	557
0	0	1095.7257	1096	558.973	559
0	0	1094.7977	1095	556.7981	557
0	0	1095.5762	1096	556.78645	557
0	0	1093.3667	1093	556.38695	556
0	0	1093.327	1093	556.65345	557
0	0	1095.3549	1095	555.10925	555
0	0	1095.9974	1096	556.0385	556
0	0	1094.5079	1095	554.7112	555
0	0	1094.1215	1094	556.21605	556
0	0	1094.4883	1094	555.725	556
0	0	1094.2255	1094	554.1172	554
0	0	1097.4727	1097	553.9549	554
0	0	1096.8728	1097	556.4934	556
0	0	1095.3369	1095	554.1096	554
0	0	1093.7928	1094	554.40875	554
0	0	1094.0822	1094	556.6711	557
0	0	1092.3064	1092	558.2136	558
0	0	1093.2482	1093	557.36305	557
0	0	1093.5909	1094	560.06405	560
0	0	1091.2186	1091	560.13185	560
0	0	1091.067	1091	560.00675	560
0	0	1088.6543	1089	557.97545	558
0	0	1088.5199	1089	558.67015	559
0	0	1089.071	1089	559.6828	560
0	0	1089.9675	1090	560.05305	560
0	0	1089.2537	1089	557.91295	558
0	0	1086.0454	1086	559.55945	560
0	0	1089.0468	1089	556.06315	556
0	0	1088.9978	1089	555.0412	555
0	0	1091.4282	1091	553.9034	554
0	0	1089.8768	1090	556.23175	556
0	0	1086.6802	1087	558.3877	558
0	0	1086.7109	1087	559.07395	559
0	0	1085.9158	1086	558.2799	558
0	0	1086.9318	1087	557.52665	558
0	0	1089.1548	1089	555.9566	556
0	0	1088.7654	1089	556.1249	556
0	0	1088.5599	1089	554.87115	555
0	0	1087.8135	1088	554.1256	554
0	0	1087.199	1087	553.7217	554
0	0	1088.3711	1088	552.5045	553
0	0	1088.6805	1089	553.7586	554
0	0	1088.4812	1088	554.47445	554
0	0	1086.5298	1087	554.14425	554
0	0	1085.8091	1086	555.1168	555
0	0	1083.5754	1084	553.5946	554
0	0	1084.5061	1085	551.1416	551
0	0	1082.7299	1083	552.8747	553
0	0	1082.9812	1083	553.1285	553
0	0	1082.0947	1082	553.474	553
0	0	1080.1866	1080	555.71395	556
0	0	1080.5612	1081	554.1883	554
0	0	1078.6245	1079	554.5625	555
0	0	1077.4558	1077	556.4056	556
0	0	1076.3691	1076	557.92845	558
0	0	1076.5289	1077	556.79205	557
0	0	1078.6384	1079	556.3515	556
0	0	1081.7371	1082	557.8847	558
0	0	1082.9369	1083	556.92665	557
0	0	1087.1189	1087	557.49055	557
0	0	1087.4563	1087	554.6873	555
0	0	1088.8396	1089	555.1767	555
0	0	1092.9401	1093	558.08315	558
0	0	1093.9614	1094	559.33735	559
0	0	1094.5786	1095	559.2932	559
0	0	1094.0787	1094	559.0575	559
0	0	1094.4237	1094	558.8166	559
0	0	1094.9431	1095	557.5114	558
0	0	1094.1239	1094	558.09425	558
0	0	1095.0203	1095	561.1663	561
0	0	1097.3264	1097	560.3247	560
0	0	1095.7144	1096	561.37305	561
0	0	1093.4985	1093	563.69215	564
0	0	1093.5039	1094	564.21065	564
0	0	1092.748	1093	563.63055	564
0	0	1092.4659	1092	565.63075	566
0	0	1092.9874	1093	565.16085	565
0	0	1092.6398	1093	569.8402	570
0	0	1093.5981	1094	568.77055	569
0	0	1091.5444	1092	571.92415	572
0	0	1092.8309	1093	573.7585	574
0	0	1092.7729	1093	575.51435	576
0	0	1088.1061	1088	575.7166	576
0	0	1085.5759	1086	577.5105	578
0	0	1081.4064	1081	579.26355	579
0	0	1080.0291	1080	578.86345	579
0	0	1078.5835	1079	579.4094	579
0	0	1077.0226	1077	580.44155	580
0	0	1073.8583	1074	581.24755	581
0	0	1074.2452	1074	583.4305	583
0	0	1073.7385	1074	584.72865	585
0	0	1071.3982	1071	584.23015	584
0	0	1070.9225	1071	579.77645	580
0	0	1068.9872	1069	582.1689	582
0	0	1070.0596	1070	580.22675	580
0	0	1072.0881	1072	581.2536	581
0	0	1071.8213	1072	582.82545	583
0	0	1073.8052	1074	580.4786	580
0	0	1073.0421	1073	578.9276	579
0	0	1074.074	1074	575.50135	576
0	0	1075.9899	1076	571.736	572
0	0	1077.3817	1077	571.1361	571
0	0	1077.6392	1078	569.97015	570
0	0	1077.4777	1077	567.05585	567
0	0	1079.4568	1079	563.0752	563
0	0	1077.5801	1078	561.4409	561
0	0	1079.0298	1079	561.61715	562
0	0	1077.144	1077	558.8999	559
0	0	1076.6666	1077	555.83895	556
0	0	1077.2899	1077	555.6995	556
0	0	1078.0548	1078	556.29655	556
0	0	1079.6144	1080	555.8402	556
0	0	1079.8676	1080	555.6605	556
0	0	1081.4327	1081	552.84495	553
0	0	1084.1904	1084	552.22445	552
0	0	1084.8542	1085	550.81175	551
0	0	1085.2318	1085	550.2475	550
0	0	1090.6277	1091	549.29045	549
0	0	1089.5784	1090	549.13525	549
0	0	1089.7384	1090	548.03955	548
0	0	1088.7681	1089	546.792	547
0	0	1089.9121	1090	544.7315	545
0	0	1090.0388	1090	542.7925	543
0	0	1088.7914	1089	545.4919	545
0	0	1087.7209	1088	544.9984	545
0	0	1087.0939	1087	544.24865	544
0	0	1084.7059	1085	543.40145	543
0	0	1085.6118	1086	543.6851	544
0	0	1084.2356	1084	546.2049	546
0	0	1083.3208	1083	544.196	544
0	0	1086.8899	1087	540.8787	541
0	0	1086.1309	1086	544.2617	544
0	0	1085.876	1086	541.992	542
0	0	1084.5195	1085	544.0835	544
0	0	1087.3408	1087	541.81765	542
0	0	1085.986	1086	542.86225	543
0	0	1086.4985	1086	541.6584	542
0	0	1087.0237	1087	540.3633	540
0	0	1086.8691	1087	542.4942	542
0	0	1086.6539	1087	541.7303	542
0	0	1085.3997	1085	541.69145	542
0	0	1084.9037	1085	539.9901	540
0	0	1084.4519	1084	538.69195	539
0	0	1083.016	1083	541.0005	541
0	0	1085.5228	1086	540.19035	540
0	0	1082.6434	1083	540.46425	540
0	0	1085.8112	1086	539.93605	540
0	0	1086.967	1087	540.3281	540
0	0	1085.3232	1085	541.9857	542
0	0	1085.8917	1086	539.0884	539
0	0	1086.3022	1086	541.27155	541
0	0	1085.2948	1085	542.57995	543
0	0	1082.9088	1083	544.0998	544
0	0	1083.5762	1084	544.0308	544
0	0	1081.2866	1081	544.75495	545
0	0	1080.8721	1081	546.3415	546
0	0	1081.2263	1081	545.7566	546
0	0	1079.5933	1080	547.04285	547
0	0	1081.1805	1081	547.15465	547
0	0	1080.7362	1081	546.2252	546
0	0	1081.7863	1082	544.79235	545
0	0	1084.1769	1084	541.19185	541
0	0	1082.0132	1082	541.28535	541
0	0	1083.0707	1083	541.83105	542
0	0	1082.5873	1083	543.1331	543
0	0	1082.1858	1082	541.0578	541
0	0	1080.1404	1080	540.3068	540
0	0	1080.3838	1080	540.7785	541
0	0	1080.6409	1081	541.2506	541
0	0	1083.499	1083	544.13295	544
0	0	1086.4442	1086	543.8776	544
0	0	1085.5997	1086	544.7808	545
0	0	1086.1758	1086	543.86245	544
0	0	1085.7023	1086	546.06855	546
0	0	1086.7588	1087	544.73545	545
0	0	1087.0646	1087	542.93565	543
0	0	1087.7123	1088	544.7379	545
0	0	1089.167	1089	542.0177	542
0	0	1091.7452	1092	540.37425	540
0	0	1089.4836	1089	541.41315	541
0	0	1089.1417	1089	543.0746	543
0	0	1095.3447	1095	543.82035	544
0	0	1092.9991	1093	543.50445	544
0	0	1090.0693	1090	542.7386	543
0	0	1088.9561	1089	542.32825	542
0	0	1087.1943	1087	538.4659	538
0	0	1086.5574	1087	537.67735	538
0	0	1086.5614	1087	535.0186	535
0	0	1084.8447	1085	535.86505	536
0	0	1083.8041	1084	533.56065	534
0	0	1080.8113	1081	531.67405	532
0	0	1079.297	1079	529.35595	529
0	0	1077.1705	1077	525.5083	526
0	0	1071.958	1072	522.0017	522
0	0	1069.136	1069	520.78135	521
0	0	1064.0201	1064	517.96285	518
0	0	1056.8162	1057	514.6899	515
0	0	1052.311	1052	509.60885	510
0	0	1048.7819	1049	505.89315	506
0	0	1044.6132	1045	501.3234	501
0	0	1039.6766	1040	494.7419	495
0	0	1034.478	1034	490.4709	490
0	0	1029.1272	1029	487.59145	488
0	0	1023.803	1024	486.16905	486
0	0	1016.9704	1017	480.6569	481
0	0	1008.5859	1009	477.36205	477
0	0	1002.8945	1003	469.60325	470
0	0	994.9745	995	465.26865	465
0	0	986.5493	987	463.8976	464
0	0	975.6048	976	456.867	457
0	0	965.0999	965	453.92225	454
0	0	951.1309	951	447.927	448
0	0	935.636	936	441.93085	442
0	0	915.4152	915	438.02395	438
0	0	895.6662	896	432.6294	433
0	0	872.9096	873	429.4398	429
0	0	852.2467	852	422.5562	423
0	0	830.7498	831	416.5505	417
0	0	810.9373	811	413.2359	413
0	0	796.4792	796	409.521025	410
0	0	785.33805	785	404.661975	405
0	0	775.90385	776	400.8862	401
0	0	771.9121	772	391.407825	391
0	0	766.1388	766	385.6503	386
0	0	761.6424	762	379.226725	379
0	0	756.5203	757	376.45365	376
0	0	750.16145	750	372.057425	372
0	0	745.89075	746	363.176525	363
0	0	740.9414	741	361.31295	361
0	0	735.03245	735	356.26345	356
0	0	728.8163	729	351.6534	352
0	0	722.28115	722	348.13925	348
0	0	719.32765	719	341.262775	341
0	0	716.4353	716	335.38285	335
0	0	713.6726	714	333.7501	334
0	0	709.8948	710	330.067575	330
0	0	710.79475	711	324.4547	324
0	0	709.90375	710	320.23835	320
0	0	708.77195	709	316.07305	316
0	0	707.96525	708	314.0792	314
0	0	707.5718	708	312.144125	312
0	0	704.1331	704	306.466775	306
0	0	701.7578	702	300.878075	301
0	0	699.6438	700	297.951225	298
0	0	697.03145	697	293.760475	294
0	0	693.9154	694	288.315925	288
0	0	692.2015	692	286.375875	286
0	0	689.36315	689	284.46445	284
0	0	686.46415	686	281.656225	282
0	0	683.446	683	276.711525	277
0	0	678.83125	679	273.8763	274
0	0	674.7033	675	272.879825	273
0	0	669.83965	670	270.31265	270
0	0	666.92005	667	268.83325	269
0	0	663.46525	663	268.104925	268
0	0	657.8468	658	270.14495	270
0	0	654.5859	655	268.4874	268
0	0	653.3545	653	272.864775	273
0	0	649.6371	650	272.43045	272
0	0	646.776	647	276.42865	276
0	0	642.6285	643	278.3872	278
0	0	637.519	638	284.5336	285
0	0	633.5104	634	292.7022	293
0	0	630.2934	630	302.318775	302
0	0	624.45765	624	307.128225	307
0	0	620.71065	621	314.95385	315
0	0	617.16555	617	322.742625	323
0	0	613.5741	614	326.871525	327
0	0	608.295	608	333.665925	334
0	0	604.1089	604	339.7194	340
0	0	597.76815	598	346.812675	347
0	0	597.1721	597	351.628275	352
0	0	591.5694	592	357.78885	358
0	0	588.20115	588	360.06895	360
0	0	584.94295	585	361.865825	362
0	0	581.4937	581	362.281275	362
0	0	579.8598	580	364.897825	365
0	0	574.04645	574	368.54725	369
0	0	571.29755	571	369.973225	370
0	0	566.18105	566	370.448275	370
0	0	562.2266	562	371.3231	371
0	0	556.46355	556	373.101675	373
0	0	551.85545	552	375.94235	376
0	0	548.15295	548	375.903325	376
0	0	545.0039	545	375.491675	375
0	0	539.99315	540	374.368225	374
0	0	537.12445	537	376.438275	376
0	0	531.9408	532	379.055	379
0	0	530.90205	531	377.62455	378
0	0	527.2606	527	377.43585	377
0	0	523.3911	523	379.753025	380
0	0	518.75685	519	383.099925	383
0	0	516.92295	517	385.6209	386
0	0	513.50755	514	384.182925	384
0	0	506.9811	507	386.26815	386
0	0	502.7947	503	387.387175	387
0	0	498.23365	498	388.543575	389
0	0	495.49925	495	391.8103	392
0	0	489.5944	490	396.09635	396
0	0	486.18145	486	400.518025	401
0	0	481.1569	481	405.3996	405
0	0	476.8271	477	410.62365	411
0	0	471.16995	471	413.50515	414
0	0	468.75765	469	417.569175	418
0	0	468.73365	469	418.731025	419
0	0	464.32425	464	421.4421	421
0	0	459.8426	460	427.17805	427
0	0	454.7325	455	428.8342	429
0	0	452.0233	452	432.3557	432
0	0	447.25885	447	436.7981	437
0	0	443.77965	444	441.51645	442
0	0	439.2015	439	445.7383	446
0	0	435.8832	436	452.158	452
0	0	431.09535	431	455.26795	455
0	0	425.76725	426	459.51705	460
0	0	420.4015	420	463.2988	463
0	0	416.6052	417	464.442	464
0	0	413.7602	414	469.238	469
0	0	409.88575	410	473.59275	474
0	0	406.34745	406	477.8301	478
0	0	401.6114	402	481.86235	482
0	0	396.0552	396	487.05845	487
0	0	390.7247	391	493.44735	493
0	0	388.996975	389	497.0423	497
0	0	386.48755	386	498.4142	498
0	0	381.224875	381	505.5355	506
0	0	375.612125	376	510.5837	511
0	0	370.525825	371	516.5028	517
0	0	365.9259	366	519.97725	520
0	0	361.369975	361	524.8015	525
0	0	360.169675	360	528.5492	529
0	0	358.41745	358	532.6948	533
0	0	353.948125	354	534.9728	535
0	0	349.587975	350	540.69795	541
0	0	348.416225	348	544.8053	545
0	0	343.7271	344	550.9223	551
0	0	339.22895	339	556.93705	557
0	0	335.9454	336	563.859	564
0	0	331.40575	331	566.03575	566
0	0	328.378625	328	570.24895	570
0	0	324.536725	325	575.1616	575
0	0	322.434725	322	579.27085	579
0	0	317.5221	318	586.07935	586
0	0	317.1829	317	591.96425	592
0	0	314.618125	315	595.981	596
0	0	311.3707	311	601.2246	601
0	0	306.270225	306	607.5819	608
0	0	303.25885	303	614.6613	615
0	0	302.38965	302	621.4956	621
0	0	299.6156	300	630.0614	630
0	0	298.368625	298	637.8297	638
0	0	293.408575	293	644.562	645
0	0	290.25095	290	648.23515	648
0	0	287.773225	288	653.2904	653
0	0	283.716275	284	658.7852	659
0	0	279.680175	280	666.40595	666
0	0	276.63095	277	673.52875	674
0	0	275.00105	275	682.2782	682
0	0	273.1408	273	689.6153	690
0	0	270.98405	271	698.6184	699
0	0	267.937075	268	707.25085	707
0	0	266.099	266	716.3332	716
0	0	261.770175	262	724.03985	724
0	0	259.39385	259	734.1023	734
0	0	259.369025	259	741.9029	742
0	0	258.9589	259	751.61135	752
0	0	255.2467	255	762.59515	763
0	0	254.5498	255	773.7521	774
0	0	252.53535	253	786.8791	787
0	0	254.053625	254	795.29205	795
0	0	255.403425	255	807.7365	808
0	0	255.636775	256	818.21655	818
0	0	257.825775	258	831.4754	831
0	0	260.868875	261	842.3051	842
0	0	261.873775	262	854.5571	855
0	0	265.987725	266	867.9111	868
0	0	267.750025	268	883.308	883
0	0	269.22755	269	893.6094	894
0	0	269.8043	270	908.3036	908
0	0	272.981475	273	920.4059	920
0	0	274.064975	274	935.8287	936
0	0	276.7826	277	948.0513	948
0	0	277.263875	277	965.2914	965
0	0	277.513725	278	978.486	978
0	0	277.3561	277	989.9537	990
0	0	278.39845	278	1002.6225	1003
0	0	277.09275	277	1015.9942	1016
0	0	273.085125	273	1027.5653	1028
0	0	272.328925	272	1036.6179	1037
0	0	270.926425	271	1045.3905	1045
0	0	267.0304	267	1055.7363	1056
0	0	263.6446	264	1064.3364	1064
0	0	261.4421	261	1073.7825	1074
0	0	257.3381	257	1080.3937	1080
0	0	253.913875	254	1089.3188	1089
0	0	255.090225	255	1095.2183	1095
0	0	253.953075	254	1100.8767	1101
0	0	252.381975	252	1108.4801	1108
0	0	249.009375	249	1111.9589	1112
0	0	248.2576	248	1118.2067	1118
0	0	248.79865	249	1123.0674	1123
0	0	247.3069	247	1128.5945	1129
0	0	245.818575	246	1134.6615	1135
0	0	246.963025	247	1138.1858	1138
0	0	246.36005	246	1141.6204	1142
0	0	247.581625	248	1146.8024	1147
0	0	249.5911	250	1149.1599	1149
0	0	246.9388	247	1154.4395	1154
0	0	247.070425	247	1156.6459	1157
0	0	246.867025	247	1162.2031	1162
0	0	248.8923	249	1168.9645	1169
0	0	246.75275	247	1173.4312	1173
0	0	248.8797	249	1177.6792	1178
0	0	249.47255	249	1179.9601	1180
0	0	248.27275	248	1185.6676	1186
0	0	249.300925	249	1191.0908	1191
0	0	247.053725	247	1197.5635	1198
0	0	252.913525	253	1199.2563	1199
0	0	254.19995	254	1204.2476	1204
0	0	254.43195	254	1211.5105	1212
0	0	254.88985	255	1216.4935	1216
0	0	255.430775	255	1221.4097	1221
0	0	257.148925	257	1228.0317	1228
0	0	257.950625	258	1232.3757	1232
0	0	258.74	259	1236.7144	1237
0	0	261.61935	262	1239.7587	1240
0	0	260.651675	261	1243.3544	1243
0	0	262.25785	262	1245.587	1246
0	0	263.50885	264	1249.4354	1249
0	0	264.572175	265	1254.6327	1255
0	0	265.103425	265	1261.8025	1262
0	0	265.90375	266	1267.3201	1267
0	0	263.772	264	1275.0891	1275
0	0	264.2453	264	1280.2822	1280
0	0	264.9187	265	1285.8486	1286
0	0	265.5541	266	1292.3374	1292
0	0	266.8088	267	1298.4731	1298
0	0	268.015125	268	1304.6532	1305
0	0	269.072275	269	1306.099	1306
0	0	270.18855	270	1309.1001	1309
0	0	270.252675	270	1312.9811	1313
0	0	271.234675	271	1316.5446	1317
0	0	271.1301	271	1320.271	1320
0	0	272.165375	272	1323.3594	1323
0	0	273.38395	273	1329.931	1330
0	0	278.451	278	1334.5341	1335
0	0	278.9253	279	1340.1426	1340
0	0	280.649475	281	1344.1854	1344
0	0	281.246075	281	1350.0801	1350
0	0	281.449275	281	1354.6448	1355
0	0	284.323925	284	1359.4122	1359
0	0	286.90235	287	1365.9438	1366
0	0	290.9109	291	1372.5345	1373
0	0	293.6878	294	1378.0629	1378
0	0	294.407125	294	1383.101	1383
0	0	297.109775	297	1392.2217	1392
0	0	296.788875	297	1397.1696	1397
0	0	297.018975	297	1407.4272	1407
0	0	298.125375	298	1410.746	1411
0	0	299.66155	300	1416.5841	1417
0	0	299.515875	300	1423.7332	1424
0	0	300.017825	300	1429.0239	1429
0	0	302.054425	302	1436.9692	1437
0.020443	0	305.384075	305	1443.085	1443
0.518263	1	307.4611	307	1452.7288	1453
1.013103	1	307.373475	307	1461.2501	1461
1.496018	1	310.132475	310	1472.2925	1472
1.993838	2	307.017275	307	1478.4569	1478
2.479735	2	307.353975	307	1487.53	1488
2.983517	3	310.166675	310	1497.1593	1497
3.475375	3	314.825	315	1506.0591	1506
3.973195	4	318.468225	318	1513.1877	1513
4.473996	4	318.32925	318	1521.762	1522
4.971817	5	320.776675	321	1529.4572	1529
5.47858	5	321.239075	321	1536.2302	1536
5.952553	6	321.53365	322	1542.9364	1543
6.462297	6	321.572275	322	1550.9584	1551
6.954156	7	324.183525	324	1558.7561	1559
7.451977	7	323.14865	323	1564.3224	1564
7.943835	8	327.8104	328	1570.2311	1570
8.432712	8	332.4764	332	1575.1471	1575
8.942456	9	335.5359	336	1579.609	1580
9.437296	9	338.12405	338	1582.6632	1583
9.938097	10	340.670475	341	1584.6871	1585
10.441879	10	342.023075	342	1586.5565	1587
10.939699	11	344.368725	344	1588.1908	1588
11.434539	11	346.208625	346	1588.7145	1589
11.926398	12	348.53895	349	1586.0786	1586
12.43018	12	349.32655	349	1583.1235	1583
12.922038	13	351.1745	351	1578.4501	1578
13.419858	13	353.94135	354	1573.1545	1573
13.914697	14	356.412475	356	1566.0651	1566
14.415498	14	359.96405	360	1556.9026	1557
14.91928	15	362.870875	363	1546.7111	1547
15.402195	15	364.045375	364	1531.5259	1532
15.914922	16	364.31675	364	1515.986	1516
16.409761	16	370.99655	371	1495.9686	1496
16.916525	17	375.4672	375	1474.1946	1474
17.408383	17	376.358425	376	1450.2776	1450
17.897259	18	377.1903	377	1428.2247	1428
18.412966	18	376.41415	376	1403.932	1404
18.895881	19	381.03545	381	1379.1349	1379
19.405627	19	383.998725	384	1357.3391	1357
19.891522	20	385.28895	385	1339.8846	1340
20.404247	20	385.994025	386	1323.6964	1324
20.893125	21	390.885125	391	1309.9142	1310
21.399889	21	390.71695	391	1300.2905	1300
21.906653	22	391.3007	391	1294.7252	1295
22.404472	22	394.17355	394	1294.0574	1294
22.914217	23	395.140575	395	1298.4464	1298
23.400114	23	397.283825	397	1307.5315	1308
23.906878	24	399.679875	400	1317.1105	1317
24.398738	24	403.8407	404	1328.1594	1328
24.899538	25	407.670925	408	1339.9591	1340
25.391395	25	408.47345	408	1355.4067	1355
25.883253	26	409.853475	410	1366.6195	1367
26.392997	26	409.771325	410	1379.8518	1380
26.878894	27	410.67475	411	1390.8599	1391
27.388638	27	415.286525	415	1402.6163	1403
27.892419	28	418.042075	418	1412.6292	1413
28.402166	28	420.44405	420	1422.8896	1423
28.905947	29	425.0897	425	1432.0205	1432
29.406747	29	429.15265	429	1440.9866	1441
29.916494	30	432.5736	433	1449.6791	1450
30.414313	30	432.6046	433	1452.6899	1453
30.924056	31	437.2697	437	1453.8287	1454
31.421878	31	442.9384	443	1452.4213	1452
31.919697	32	446.5701	447	1444.9213	1445
32.429441	32	451.62175	452	1434.5562	1435
32.924281	33	455.7636	456	1418.7203	1419
33.431047	33	458.0485	458	1390.8933	1391
33.928869	34	459.2893	459	1358.0234	1358
34.441594	34	459.6743	460	1316.5989	1317
34.945375	35	463.9262	464	1270.795	1271
35.443197	35	468.74015	469	1222.2139	1222
0.256363	0	470.92955	471	1168.3132	1168
0.754185	1	471.8329	472	1111.1736	1111
1.257965	1	476.64465	477	1052.5206	1053
1.508366	2	480.22215	480	996.6117	997
2.250626	2	482.32995	482	939.0854	939
2.751427	3	484.3072	484	883.5892	884
3.252228	3	488.4188	488	835.2672	835
3.505607	4	489.8292	490	786.79645	787
4.247868	4	491.68165	492	744.50505	745
4.510193	5	494.28205	494	704.73905	705
5.252453	5	498.83845	499	671.0686	671
5.759213	6	501.8291	502	639.9055	640
6.248093	6	505.33155	505	612.76345	613
6.754856	7	507.49855	507	588.88835	589
7.261616	7	509.7238	510	569.63955	570
7.756455	8	512.67625	513	549.19795	549
8.260238	8	517.75775	518	532.2703	532
8.755081	9	520.17375	520	517.1289	517
9.270786	9	520.5508	521	503.5644	504
9.759666	10	520.94615	521	493.96715	494
10.272392	10	524.8664	525	486.11335	486
10.779155	11	528.41175	528	476.0818	476
11.279957	11	530.4235	530	468.81625	469
11.783741	12	532.383	532	464.28115	464
12.275601	12	534.7602	535	459.0177	459
12.78236	13	538.4757	538	454.3743	454
13.274219	13	540.8153	541	452.28315	452
13.77502	14	543.4104	543	447.10935	447
14.26688	14	546.74245	547	442.97855	443
14.764702	15	550.32135	550	439.69265	440
15.26252	15	553.01025	553	438.451	438
15.760338	16	556.3783	556	436.3953	436
16.267102	16	560.5564	561	431.49015	431
16.761941	17	560.98065	561	429.947	430
17.277645	17	565.44435	565	427.11705	427
17.763542	18	566.8899	567	427.4448	427
18.270302	18	570.72085	571	424.4603	424
18.76812	19	574.4738	574	423.25285	423
19.2719	19	579.8838	580	421.1148	421
19.778664	20	583.0458	583	419.85295	420
20.267541	20	585.28705	585	416.74085	417
20.768341	21	588.12245	588	413.170075	413
21.266163	21	589.7091	590	412.04775	412
21.772927	22	592.7643	593	411.208675	411
22.276706	22	594.60905	595	408.019	408
22.762603	23	598.2033	598	408.785375	409
23.275325	23	601.99465	602	407.066125	407
23.773144	24	604.29565	604	408.46355	408
24.28587	24	607.6795	608	407.92545	408
24.77773	25	608.2904	608	410.199625	410
25.266605	25	609.40515	609	411.051675	411
25.773369	26	608.4881	608	410.781825	411
26.268206	26	611.1353	611	409.443225	409
26.774972	27	616.1296	616	408.529	409
27.26385	27	617.4549	617	408.2385	408
27.770609	28	621.21845	621	407.213175	407
28.265453	28	621.90685	622	408.63265	409
28.775197	29	624.6946	625	407.60245	408
29.273016	29	627.85255	628	408.688	409
29.767856	30	631.04055	631	409.87725	410
30.271641	30	632.52275	633	410.94055	411
30.769466	31	631.7334	632	411.84185	412
31.276225	31	630.294	630	410.331875	410
31.762119	32	630.8581	631	411.7888	412
32.268888	32	632.92505	633	411.928925	412
32.766713	33	632.12925	632	411.602425	412
33.270497	33	631.1347	631	411.647925	412
33.765331	34	628.3491	628	412.994775	413
34.263156	34	628.29285	628	414.095725	414
34.775881	35	629.8772	630	413.987525	414
35.279666	35	632.89045	633	413.49985	413
35.792394	36	636.83125	637	416.01485	416
36.284253	36	641.4233	641	417.452025	417
36.779094	37	647.71285	648	418.656125	419
37.279903	37	656.44735	656	417.261425	417
37.774747	38	664.9623	665	419.1417	419
38.278531	38	671.7094	672	420.0247	420
38.764422	39	680.7846	681	418.51	419
39.265231	39	686.6755	687	416.8631	417
39.763056	40	685.8971	686	417.0391	417
40.266841	40	686.41655	686	419.06165	419
40.770625	41	684.2174	684	417.8899	418
41.265469	41	681.24605	681	418.390775	418
41.778194	42	677.4392	677	419.096525	419
42.270053	42	671.31565	671	419.68815	420
42.782781	43	668.5556	669	421.3874	421
43.280597	43	668.35	668	420.73375	421
43.7814	44	666.8034	667	419.9143	420
44.276234	44	665.1507	665	419.56055	420
44.771075	45	663.87205	664	421.83405	422
45.271884	45	669.01635	669	420.13555	420
45.772688	46	672.8232	673	420.8998	421
46.282428	46	676.9467	677	424.3788	424
46.768322	47	682.62685	683	427.7468	428
47.269122	47	685.0877	685	425.6949	426
47.778875	48	687.341	687	425.85285	426
48.279681	48	686.26615	686	425.16075	425
48.789425	49	685.5955	686	423.9202	424
49.2783	49	677.20235	677	426.57535	427
49.782084	50	672.80385	673	426.626	427
50.279903	50	665.81105	666	426.42705	426
50.780703	51	660.1469	660	426.9459	427
51.281506	51	656.73895	657	429.45615	429
51.770381	52	651.74855	652	432.42945	432
52.283106	52	649.37635	649	432.71785	433
52.769	53	639.92485	640	434.53145	435
53.278744	53	634.0791	634	433.28045	433
53.779544	54	630.17405	630	434.15715	434
54.274388	54	624.511	625	435.79725	436
54.775188	55	621.26385	621	435.58575	436
55.26705	55	620.2337	620	438.19445	438
55.779775	56	619.05925	619	437.08745	437
56.26865	56	617.83795	618	437.8108	438
56.772431	57	617.68865	618	435.9967	436
57.267275	57	614.6878	615	438.9173	439
57.7651	58	611.53705	612	439.453	439
58.265906	58	607.68495	608	441.3869	441
58.766706	59	603.2548	603	441.93335	442
59.279431	59	600.9964	601	444.206	444
59.774275	60	600.58705	601	444.5568	445
60.281031	60	599.8355	600	442.091	442
60.772894	61	597.39675	597	444.9137	445
61.270713	61	593.70135	594	446.13005	446
61.771513	62	592.89805	593	446.0753	446
62.260388	62	591.42745	591	446.501	447
62.764169	63	585.79615	586	448.2758	448
63.250063	63	583.4148	583	447.2834	447
63.750875	64	582.46595	582	449.4695	449
64.242738	64	579.73745	580	449.06025	449
64.746519	65	575.81725	576	448.5288	449
65.244338	65	572.712	573	449.8883	450
65.742175	66	572.44665	572	452.99955	453
66.242969	66	570.47175	570	454.4196	454
66.743775	67	569.38215	569	455.14985	455
67.250531	67	568.7795	569	456.58135	457
67.739413	68	565.2314	565	457.0009	457
68.243194	68	560.1074	560	459.6707	460
68.735063	69	559.08705	559	460.93325	461
69.232881	69	558.6605	559	460.40595	460
69.733688	70	557.89495	558	460.4788	460
70.219575	70	554.1249	554	462.9678	463
70.726331	71	553.2511	553	463.1739	463
71.230119	71	548.8634	549	462.23085	462
71.727938	72	546.59935	547	465.04695	465
72.234694	72	543.98545	544	463.908	464
72.723569	73	540.13825	540	465.45545	465
73.233325	73	534.182	534	465.3689	465
73.728163	74	533.6874	534	466.41875	466
74.222994	74	530.81675	531	467.1792	467
74.7238	75	527.4916	527	468.88515	469
75.218644	75	521.65815	522	471.63695	472
75.722425	76	519.1031	519	473.1259	473
76.214281	76	515.2935	515	477.092	477
76.718063	77	514.4177	514	477.2445	477
77.209931	77	512.99835	513	478.928	479
77.710725	78	510.37865	510	478.68165	479
78.208544	78	508.0067	508	481.40215	481
78.70935	79	504.65535	505	483.7457	484
79.213138	79	502.8708	503	485.854	486
79.704988	80	497.74535	498	487.33175	487
80.211763	80	494.5737	495	487.90865	488
80.703613	81	490.9047	491	491.006	491
81.2074	81	485.7228	486	491.8348	492
81.702238	82	482.2154	482	492.13615	492
82.206025	82	477.9745	478	494.78025	495
82.703856	83	476.24935	476	495.852	496
83.207644	83	475.01195	475	497.11015	497
83.720369	84	475.16965	475	498.87915	499
84.218188	84	473.1574	473	500.2321	500
84.724963	85	471.0075	471	502.278	502
85.213838	85	467.25605	467	504.37515	504
85.714644	86	464.02735	464	506.3239	506
86.212463	86	460.33215	460	509.1923	509
86.701338	87	457.149	457	509.79575	510
87.211088	87	453.8007	454	510.43455	510
87.696975	88	448.15855	448	510.36195	510
88.203738	88	445.5784	446	511.55315	512
88.692613	89	442.6985	443	513.348	513
89.196394	89	440.00575	440	513.77185	514
89.706144	90	437.7646	438	515.0152	515
90.203963	90	432.2993	432	518.27235	518
90.710725	91	430.9424	431	517.50055	518
91.208556	91	426.7434	427	519.25545	519
91.724256	92	424.8621	425	519.85685	520
92.216125	92	423.0183	423	521.96405	522
92.716919	93	418.894775	419	522.9608	523
93.217725	93	419.66475	420	523.2983	523
93.718538	94	414.8384	415	525.42155	525
94.219344	94	413.139075	413	529.1814	529
94.7112	95	412.3026	412	531.7569	532
95.223925	95	410.565075	411	532.88305	533
95.721744	96	409.587675	410	537.9052	538
96.231475	96	404.806	405	540.7132	541
96.729306	97	403.362825	403	543.1276	543
97.236081	97	400.19385	400	543.6034	544
97.745831	98	399.987	400	545.1687	545
98.240675	98	397.659425	398	547.13665	547
98.750425	99	395.884125	396	548.8807	549
99.236325	99	394.816125	395	550.8333	551
99.749056	100	393.10105	393	553.26495	553
100.246875	100	389.161825	389	554.42455	554
100.747681	101	387.27105	387	553.88385	554
101.251463	101	385.46955	385	555.1959	555
101.746306	102	382.1903	382	558.3587	558
102.259031	102	380.734125	381	559.08055	559
102.756869	103	378.04465	378	563.3452	563
103.263625	103	375.52615	376	562.9396	563
103.755475	104	372.1262	372	563.981	564
104.265231	104	370.522225	371	564.9646	565
104.769013	105	367.742975	368	567.74125	568
105.26385	105	365.6918	366	572.19045	572
105.770613	106	363.77035	364	573.2542	573
106.265463	106	361.953975	362	572.7859	573
106.775213	107	359.042725	359	576.4265	576
107.27005	107	358.514625	359	578.02545	578
107.785763	108	354.686825	355	580.96065	581
108.28955	108	352.326325	352	583.5081	584
108.793338	109	349.51435	350	584.4315	584
109.297125	109	346.746625	347	586.76955	587
109.788988	110	344.92475	345	589.04335	589
110.292775	110	343.299	343	591.66505	592
110.787613	111	341.7322	342	595.7187	596
111.2914	111	337.253075	337	595.6121	596
111.786238	112	335.664975	336	599.26575	599
112.281088	112	334.378625	334	602.98525	603
112.784863	113	332.1367	332	604.49805	604
113.276738	113	329.4307	329	608.01335	608
113.789463	114	328.99885	329	609.25085	609
114.281325	114	324.67905	325	610.71315	611
114.7881	115	322.46	322	611.6476	612
115.285925	115	322.042575	322	614.62445	615
115.792675	116	321.764475	322	617.31575	617
116.296463	116	319.1592	319	618.2157	618
116.788313	117	316.568975	317	619.94465	620
117.289113	117	317.44085	317	623.3351	623
117.778	118	316.5071	317	625.6914	626
118.284775	118	315.690725	316	629.79005	630
118.776638	119	310.579475	311	632.09985	632
119.280425	119	307.68935	308	634.7808	635
119.781238	120	304.49835	304	636.9724	637
120.282025	120	302.96365	303	640.2276	640
120.785813	121	302.78055	303	643.89435	644
121.2896	121	299.7622	300	645.5044	646
121.793375	122	298.237375	298	648.38855	648
122.291213	122	297.31225	297	651.8347	652
122.792025	123	294.182925	294	654.71615	655
123.286863	123	294.218175	294	656.68005	657
123.784688	124	291.9367	292	658.2508	658
124.285475	124	292.838725	293	658.9331	659
124.777325	125	291.66935	292	662.62575	663
125.278138	125	287.76215	288	662.8869	663
125.772975	126	286.197325	286	666.68835	667
126.273788	126	283.199825	283	668.5276	669
126.777575	127	281.76185	282	671.75725	672
127.275388	127	280.427075	280	674.99335	675
127.782163	128	277.2759	277	676.75465	677
128.271063	128	278.583475	279	681.15125	681
128.777838	129	275.1026	275	683.0125	683
129.272675	129	274.623075	275	686.3301	686
129.776463	130	273.734675	274	690.44735	690
130.277263	130	272.1851	272	692.7523	693
130.769125	131	270.8599	271	695.1093	695
131.2729	131	269.166475	269	696.14855	696
131.764775	132	268.86485	269	698.6404	699
132.2775	132	267.7605	268	700.11865	700
132.530888	133	266.395975	266	703.75605	704
133.282088	133	267.490725	267	707.5124	708
133.785875	134	266.247475	266	710.985	711
134.271775	134	264.84045	265	715.47785	715
134.778538	135	263.17075	263	718.70705	719
135.267425	135	259.1083	259	721.76265	722
135.771213	136	259.507725	260	723.4677	723
136.260088	136	260.40125	260	725.7788	726
136.7609	137	259.275	259	732.2108	732
137.011288	137	257.492725	257	731.6707	732
137.75355	138	255.6991	256	732.6732	733
138.00395	138	256.43625	256	733.51525	734
138.752163	139	254.41335	254	736.63725	737
139.002563	139	251.4248	251	738.47615	738
139.753775	140	249.6441	250	739.9356	740
140.254563	140	249.911725	250	741.1078	741
140.761325	141	250.018475	250	744.1273	744
141.256163	141	247.51495	248	746.89315	747
141.756963	142	248.4271	248	751.1034	751
142.0014	142	244.32595	244	754.8737	755
142.734725	143	239.704	240	757.4477	757
143.23255	143	240.310225	240	760.23255	760
143.730375	144	241.151275	241	762.62835	763
143.980775	144	241.962525	242	762.60895	763
144.723038	145	237.37965	237	765.8032	766
145.229813	145	238.287475	238	769.07055	769
145.72465	146	238.38285	238	770.4071	770
145.978038	146	238.530125	239	773.65975	774
146.720313	147	238.7994	239	776.9244	777
146.967725	147	237.4675	237	779.01875	779
147.721913	148	238.52865	239	782.78515	783
147.969325	148	236.7982	237	786.1559	786
148.72055	149	236.746525	237	788.50625	789
149.215388	149	235.314675	235	793.02	793
149.716188	150	236.404875	236	795.52625	796
149.969575	150	234.837925	235	796.88615	797
150.70885	151	235.438725	235	803.50775	804
151.218588	151	236.00535	236	805.88125	806
151.713425	152	236.094325	236	810.49375	810
151.969788	152	236.836375	237	813.29995	813
152.715025	153	232.517475	233	818.6729	819
153.224763	153	235.099125	235	823.545	824
153.72855	154	237.4703	237	826.1814	826
154.226363	154	236.460925	236	830.24685	830
154.724188	155	239.213325	239	834.08985	834
155.224988	155	237.652775	238	837.2027	837
155.7258	156	235.23875	235	841.2942	841
155.9762	156	234.543375	235	844.5283	845
156.733363	157	236.620125	237	847.9879	848
156.98675	157	237.0023	237	849.7301	850
157.737963	158	240.53185	241	852.5313	853
157.988363	158	242.9208	243	855.7604	856
158.7336	159	241.585825	242	859.4958	859
158.986988	159	244.1245	244	865.1917	865
159.72925	160	245.84085	246	868.5852	869
159.97965	160	248.301075	248	870.674	871
160.721913	161	250.58385	251	876.8559	877
161.2227	161	254.262925	254	880.4333	880
161.726488	162	253.65295	254	882.9609	883
161.970938	162	252.178875	252	886.6083	887
162.725113	163	253.674875	254	890.3027	890
163.222925	163	256.206625	256	895.5752	896
163.732688	164	257.207375	257	896.2858	896
164.224538	164	258.30795	258	900.7314	901
164.737263	165	264.139475	264	905.9525	906
164.984675	165	262.98295	263	910.9114	911
165.72695	166	264.026175	264	915.2982	915
165.983313	166	264.9812	265	920.2015	920
166.728563	167	266.56475	267	925.8532	926
167.229375	167	268.21745	268	930.261	930
167.727188	168	270.036125	270	935.3813	935
167.974613	168	270.189275	270	939.0589	939
168.734763	169	271.8433	272	944.6277	945
168.976213	169	270.47305	270	947.9284	948
169.733388	170	275.33315	275	950.402	950
170.234175	170	277.579825	278	954.2557	954
170.737963	171	278.72965	279	959.527	960
170.988363	171	277.451	277	963.8869	964
171.736575	172	276.7653	277	968.4183	968
172.237375	172	277.6999	278	972.1688	972
172.738188	173	277.8469	278	978.3167	978
172.988588	173	275.535975	276	981.2065	981
173.733825	174	274.77415	275	984.5472	985
174.240588	174	273.307075	273	988.3232	988
174.7384	175	271.4187	271	991.3718	991
174.991788	175	269.02915	269	993.0811	993
175.742975	176	267.133575	267	995.2456	995
175.9904	176	262.308175	262	999.7089	1000
176.744588	177	260.0196	260	1002.2142	1002
177.239425	177	258.25585	258	1005.1835	1005
177.743213	178	257.587225	258	1007.4986	1007
178.23805	178	254.115625	254	1011.9039	1012
178.7478	179	255.68365	256	1015.6221	1016
178.995225	179	253.123725	253	1017.5938	1018
179.740475	180	252.4802	252	1018.1409	1018
180.2383	180	252.798975	253	1019.6141	1020
180.74505	181	254.30715	254	1021.9174	1022
181.001425	181	250.568775	251	1023.733	1024
181.752625	182	248.4207	248	1027.2637	1027
182.008988	182	247.190775	247	1031.3837	1031
182.75125	183	246.2445	246	1036.0308	1036
183.263975	183	245.968025	246	1041.2249	1041
183.7618	184	244.3541	244	1043.692	1044
184.006238	184	241.6868	242	1049.2004	1049
184.766388	185	241.8163	242	1053.0524	1053
185.255275	185	241.341175	241	1057.6724	1058
185.762038	186	242.15635	242	1061.0145	1061
186.015425	186	241.91665	242	1062.5117	1063
186.760663	187	241.732475	242	1065.9445	1066
187.273388	187	243.4533	243	1071.025	1071
187.774188	188	244.25715	244	1075.9302	1076
188.033525	188	240.9483	241	1080.8833	1081
188.784725	189	239.458125	239	1085.6154	1086
189.041088	189	239.631075	240	1089.1783	1089
189.792313	190	241.89115	242	1095.6045	1096
190.299075	190	243.791825	244	1101.7697	1102
190.790925	191	244.331375	244	1106.8234	1107
191.044313	191	245.0284	245	1111.4869	1111
191.798488	192	244.583	245	1118.2543	1118
192.29035	192	241.872225	242	1124.7059	1125
192.8001	193	246.2665	246	1127.5417	1128
193.297925	193	244.98585	245	1136.0188	1136
193.8047	194	245.378525	245	1143.1151	1143
194.052125	194	242.8066	243	1149.1031	1149
194.806325	195	245.293325	245	1153.3534	1153
195.307113	195	246.047575	246	1161.4062	1161
195.804938	196	247.798525	248	1170.299	1170
196.0613	196	246.2468	246	1176.282	1176
196.80655	197	248.6899	249	1181.2284	1181
197.05695	197	249.7588	250	1189.095	1189
197.802188	198	250.704625	251	1194.9468	1195
198.055575	198	249.330725	249	1202.8568	1203
198.8038	199	247.107875	247	1208.7039	1209
199.301625	199	245.137375	245	1216.03	1216
199.802413	200	248.53125	249	1224.1943	1224
200.300238	200	247.4703	247	1229.1274	1229
200.801038	201	250.860925	251	1235.1133	1235
201.298863	201	251.56735	252	1240.7617	1241
201.802638	202	251.60955	252	1247.167	1247
202.306425	202	253.683725	254	1252.6152	1253
202.7983	203	254.8638	255	1258.6482	1259
203.302075	203	256.349675	256	1262.5649	1263
203.796925	204	256.623225	257	1267.6575	1268
204.297725	204	254.6248	255	1272.1425	1272
204.795563	205	256.956075	257	1274.9554	1275
205.29935	205	258.9544	259	1275.7039	1276
205.806113	206	260.683075	261	1280.77	1281
206.303938	206	262.543275	263	1286.7537	1287
206.807725	207	262.630025	263	1291.2604	1291
207.293625	207	264.94035	265	1295.6007	1296
207.797413	208	264.25165	264	1297.5566	1298
208.29225	208	266.733825	267	1301.8707	1302
208.7871	209	265.0344	265	1305.2753	1305
209.287888	209	266.62785	267	1306.843	1307
209.776775	210	269.528525	270	1310.7028	1311
210.274575	210	268.788075	269	1313.9591	1314
210.766425	211	271.11835	271	1317.6068	1318
211.2732	211	274.92585	275	1320.5914	1321
211.773975	212	275.539925	276	1323.129	1323
212.2748	212	274.407325	274	1327.8844	1328
212.78155	213	278.569925	279	1330.8762	1331
213.2794	213	281.091625	281	1336.3197	1336
213.783175	214	281.4942	281	1343.6891	1344
214.278025	214	285.9303	286	1348.2782	1348
214.7818	215	284.583525	285	1352.1254	1352
215.279625	215	286.072625	286	1357.6715	1358
215.77445	216	285.858825	286	1365.3839	1365
216.27525	216	288.335625	288	1372.4509	1372
216.7701	217	290.17185	290	1378.0952	1378
217.2709	217	293.1192	293	1384.1071	1384
217.774675	218	295.37655	295	1390.0767	1390
218.269525	218	295.505	296	1396.542	1397
218.7733	219	295.219025	295	1404.9089	1405
219.26815	219	297.927375	298	1412.2761	1412
219.771925	220	300.24115	300	1421.5735	1422
220.2608	220	300.645325	301	1428.3345	1428
220.7616	221	303.562725	304	1435.8208	1436
221.2594	221	308.96575	309	1442.7848	1443
221.7542	222	312.18225	312	1449.5656	1450
222.252025	222	311.617625	312	1455.4182	1455
222.743875	223	311.430225	311	1459.9286	1460
223.24765	223	312.698475	313	1467.9921	1468
223.7365	224	314.865775	315	1475.7836	1476
224.2403	224	317.181275	317	1481.0048	1481
224.7411	225	320.6068	321	1486.3538	1486
225.2389	225	323.0315	323	1490.7865	1491
225.739675	226	325.5955	326	1495.4269	1495
226.22855	226	325.0523	325	1501.7957	1502
226.735325	227	325.922375	326	1506.7544	1507
227.227175	227	327.45705	327	1511.191	1511
227.727975	228	330.1802	330	1515.1445	1515
228.2228	228	330.425975	330	1518.687	1519
228.72955	229	334.225025	334	1523.0464	1523
229.22735	229	335.382275	335	1526.5875	1527
229.73115	230	338.8296	339	1529.9657	1530
230.234925	230	343.011925	343	1532.2222	1532
230.735725	231	343.17965	343	1531.4398	1531
231.2365	231	345.325525	345	1533.0261	1533
231.731325	232	347.84365	348	1533.4211	1533
232.2351	232	350.49335	350	1531.031	1531
232.729925	233	352.8396	353	1529.765	1530
233.227725	233	356.06005	356	1526.0095	1526
233.722575	234	359.04865	359	1521.3577	1521
234.214425	234	361.009375	361	1518.1796	1518
234.712225	235	360.71755	361	1513.1154	1513
235.213025	235	363.141175	363	1511.3335	1511
235.7198	236	366.77435	367	1506.42	1506
236.220575	236	367.9072	368	1505.6501	1506
236.724325	237	368.874825	369	1506.1465	1506
237.225125	237	373.298575	373	1509.4686	1509
237.7289	238	373.00185	373	1515.7095	1516
238.235675	238	376.6215	377	1522.6348	1523
238.7305	239	378.88335	379	1530.634	1531
239.237275	239	379.185525	379	1537.6534	1538
239.7351	240	379.70025	380	1544.9092	1545
240.2359	240	382.52715	383	1550.9364	1551
240.7367	241	383.836975	384	1556.1884	1556
241.2375	241	386.76795	387	1558.9924	1559
241.741275	242	387.551975	388	1559.6837	1560
242.233125	242	390.337075	390	1558.5438	1559
242.739875	243	395.393	395	1557.0104	1557
243.246625	243	397.5083	398	1551.7384	1552
243.744425	244	397.1417	397	1545.2981	1545
244.248175	244	399.354725	399	1537.3813	1537
244.74895	245	403.527325	404	1527.5188	1528
245.24975	245	405.8471	406	1516.1702	1516
245.75055	246	408.806125	409	1505.7478	1506
246.25135	246	411.87295	412	1494.9355	1495
246.749175	247	414.807075	415	1483.1477	1483
247.238075	247	416.283725	416	1470.6096	1471
247.74485	248	419.3798	419	1456.3937	1456
248.24265	248	425.0176	425	1438.2688	1438
248.746425	249	426.12425	426	1417.6177	1418
249.247225	249	429.5706	430	1389.4001	1389
249.754	250	429.4522	429	1358.204	1358
250.2429	250	431.7463	432	1321.4652	1321
250.752625	251	435.41445	435	1283.1167	1283
251.244475	251	439.1457	439	1237.2845	1237
0	0	440.47795	440	1184.8605	1185
0.494843	0	444.9871	445	1128.8669	1129
0.998596	1	448.45955	448	1071.6621	1072
1.251984	1	451.1722	451	1014.0563	1014
1.994232	2	454.10945	454	957.2255	957
2.506958	3	458.21865	458	902.3826	902
3.00177	3	460.0471	460	852.9599	853
3.514465	4	463.8681	464	804.4575	804
4.006317	4	467.46315	467	763.36055	763
4.253723	4	468.00515	468	721.34205	721
5.007904	5	472.01415	472	685.49705	685
5.499756	5	472.98145	473	655.3326	655
6.000549	6	474.95495	475	625.8194	626
6.495392	6	477.21345	477	600.4637	600
6.999145	7	479.31285	479	580.1056	580
7.499939	7	482.1334	482	559.23545	559
8.000733	8	483.71805	484	542.7107	543
8.507477	9	485.0616	485	527.2657	527
9.00827	9	488.64985	489	511.76515	512
9.523956	10	492.2564	492	499.49975	499
10.021759	10	495.9677	496	491.48475	491
10.531494	11	500.5338	501	482.14265	482
11.038238	11	503.83235	504	472.01555	472
11.541992	12	508.33425	508	465.92255	466
12.048737	12	511.0007	511	459.88725	460
12.546539	13	512.7806	513	453.8686	454
13.050323	13	516.2422	516	450.08355	450
13.548156	14	519.2661	519	445.45765	445
14.060852	14	522.6355	523	443.7607	444
14.558655	15	525.86475	526	439.9362	440
15.062408	15	528.45045	528	437.2383	437
15.566192	16	533.0548	533	433.563	434
16.069947	16	534.15435	534	431.726	432
16.579681	17	538.245	538	431.10805	431
17.068542	17	536.58845	537	431.8075	432
17.572327	18	541.30665	541	428.16405	428
18.067139	18	544.09835	544	426.8529	427
18.567933	19	543.8596	544	424.2708	424
19.074677	19	546.27625	546	421.52935	422
19.563538	20	549.6737	550	419.5487	420
20.05835	20	551.36565	551	419.324425	419
20.562134	21	557.2162	557	418.26275	418
21.068909	21	559.9151	560	414.3428	414
21.560761	22	561.28125	561	416.56765	417
22.061555	22	563.4178	563	413.279775	413
22.562347	23	565.56835	566	411.176575	411
23.063141	23	568.0804	568	409.143	409
23.569886	24	570.13505	570	405.975825	406
24.061738	24	574.50935	575	406.1604	406
24.562531	25	577.8926	578	403.9699	404
25.057373	25	580.123	580	400.1756	400
25.564148	26	583.8296	584	400.272225	400
26.058991	26	586.1819	586	399.810475	400
26.556794	27	587.17725	587	400.5565	401
27.060578	27	587.01355	587	398.7207	399
27.561372	28	590.05095	590	397.803775	398
28.062166	28	592.7513	593	398.45105	398
28.556975	29	594.71845	595	398.245325	398
29.048828	29	598.89185	599	398.518675	399
29.549622	30	602.91235	603	396.11015	396
30.041472	30	602.169	602	395.649175	396
30.542266	31	602.64685	603	396.305825	396
31.034119	31	606.75395	607	395.437675	395
31.528963	32	609.5907	610	396.214475	396
32.029753	32	610.6084	611	395.2937	395
32.527556	33	611.14275	611	395.427875	395
33.031341	33	612.7156	613	393.25655	393
33.526184	34	612.8896	613	392.4578	392
34.035919	34	616.30055	616	392.3108	392
34.524781	35	618.18345	618	393.711725	394
35.028566	35	620.1786	620	391.9065	392
35.53235	36	622.05465	622	393.914225	394
36.03015	36	622.05415	622	394.8205	395
36.530944	37	628.1838	628	395.874575	396
37.022797	37	635.8988	636	395.7984	396
37.5206	38	642.078	642	394.41665	394
38.024384	38	650.49315	650	393.637475	394
38.519197	39	659.7795	660	394.386325	394
39.028931	39	670.46135	670	394.682925	395
39.523744	40	677.8537	678	395.973175	396
40.033478	40	687.8915	688	395.448275	395
40.528319	41	697.762	698	397.213075	397
41.032103	41	701.9271	702	399.8826	400
41.535888	42	705.08095	705	400.7349	401
42.027741	42	706.0055	706	401.205225	401
42.534484	43	709.7744	710	400.0162	400
43.023375	43	705.94725	706	402.453125	402
43.518188	44	704.61725	705	404.527	405
44.021941	44	702.13995	702	404.266875	404
44.513794	45	701.5033	702	406.29615	406
45.014588	45	700.44765	700	408.049875	408
45.503478	46	700.7126	701	409.230375	409
46.010253	46	699.7372	700	409.5166	410
46.502106	47	697.97705	698	409.78845	410
47.005891	47	698.5714	699	409.438625	409
47.500703	48	699.7528	700	409.105275	409
48.007447	48	702.9397	703	409.20525	409
48.496338	48	702.2911	702	410.39625	410
49.000122	49	702.7357	703	411.140925	411
49.491975	49	699.0559	699	413.06415	413
49.989778	50	694.67525	695	413.781925	414
50.490569	50	688.0869	688	413.31335	413
50.991363	51	681.79035	682	414.15375	414
51.5011	52	674.8102	675	413.1745	413
51.9989	52	670.44625	670	413.3413	413
52.499694	52	662.16145	662	415.306425	415
53.000488	53	653.49065	653	416.948175	417
53.495331	53	647.65745	648	418.298	418
53.996125	54	641.9525	642	417.77135	418
54.487975	54	636.39155	636	417.9848	418
54.988769	55	629.3271	629	420.2477	420
55.486575	55	628.9749	629	421.8506	422
55.984375	56	625.21965	625	423.329	423
56.488131	56	621.5579	622	425.64645	426
56.988925	57	617.91185	618	425.7236	426
57.4957	57	616.6786	617	423.2161	423
57.990538	58	612.52965	613	425.665	426
58.500275	59	611.229	611	426.85865	427
58.998075	59	609.14545	609	429.8055	430
59.507813	60	605.7678	606	430.08245	430
60.005613	60	604.18195	604	431.68675	432
60.503419	61	602.1773	602	435.45625	435
61.010194	61	601.66355	602	436.19955	436
61.507994	62	597.2275	597	438.2516	438
62.008788	62	592.4842	592	438.4438	438
62.509581	63	590.16215	590	437.9094	438
63.004425	63	588.4013	588	439.5966	440
63.514163	64	585.625	586	439.56325	440
64.014956	64	585.8562	586	440.2962	440
64.518738	65	583.48345	583	441.8299	442
65.019531	65	581.3715	581	441.43215	441
65.520325	66	577.3109	577	443.55005	444
66.024106	66	576.5518	577	443.85555	444
66.521913	67	572.56695	573	446.56295	447
67.019744	67	569.9992	570	447.13595	447
67.514556	68	568.8594	569	449.4801	449
68.021331	68	568.09605	568	450.73885	451
68.516144	69	564.6678	565	453.92845	454
69.010988	69	561.37085	561	453.682	454
69.514769	70	560.2404	560	453.99235	454
70.009613	70	557.54475	558	456.3738	456
70.51935	71	555.0613	555	457.63275	458
71.0112	71	551.37965	551	462.2525	462
71.511994	72	548.3075	548	462.15455	462
72.018769	72	546.97905	547	462.4952	462
72.519563	73	545.23305	545	463.33105	463
73.017394	73	544.86875	545	464.0881	464
73.512206	74	543.9637	544	465.71135	466
74.021944	74	542.88055	543	467.3262	467
74.522738	75	538.3632	538	469.45415	469
75.020538	75	534.77415	535	470.54785	471
75.530275	76	531.59705	532	470.9737	471
76.037019	76	529.0536	529	474.3487	474
76.531863	77	524.07345	524	476.9224	477
77.032656	77	520.98945	521	477.05715	477
77.527494	78	518.7614	519	474.9663	475
78.034244	78	515.89675	516	476.30265	476
78.532044	79	510.4063	510	478.66515	479
79.026856	79	509.61905	510	479.7488	480
79.52765	80	505.0614	505	481.2365	481
80.0195	80	501.9897	502	483.2015	483
80.526244	81	497.88165	498	485.37325	485
81.02405	81	493.1941	493	487.1023	487
81.533781	82	491.6372	492	486.74285	487
82.031588	82	487.17615	487	485.95165	486
82.535338	83	487.44265	487	487.1608	487
83.036131	83	487.04855	487	486.77025	487
83.545869	84	481.24935	481	489.2139	489
84.04965	84	476.49195	476	491.57325	492
84.547456	85	475.91845	476	491.7043	492
85.054231	85	472.9239	473	488.95045	489
85.546081	86	469.58835	470	490.19985	490
86.058775	86	466.30655	466	493.6519	494
86.547669	87	463.37825	463	496.108	496
87.054444	87	460.1264	460	497.86745	498
87.561219	88	455.96235	456	498.06265	498
88.05905	88	453.87945	454	500.68075	501
88.565825	89	451.24235	451	502.56135	503
89.066619	89	450.6963	451	503.4747	503
89.570406	90	449.41395	449	503.9345	504
90.068206	90	443.4653	443	505.6869	506
90.574981	91	441.07685	441	506.6364	507
91.072788	91	437.65225	438	508.8355	509
91.567594	92	434.6583	435	509.8167	510
92.071381	92	431.5732	432	512.1615	512
92.569181	93	428.9343	429	514.72085	515
93.066988	93	428.60675	429	514.45385	514
93.573763	94	424.20145	424	517.1776	517
94.068606	94	420.80315	421	517.24385	517
94.5694	95	420.0705	420	519.7875	520
95.070188	95	414.727075	415	523.14785	523
95.567994	96	412.018925	412	524.65975	525
96.059844	96	411.255275	411	527.1444	527
96.566588	97	406.326725	406	529.477	529
97.061431	97	402.314625	402	530.07635	530
97.565219	98	401.4848	401	531.38185	531
98.063019	98	400.892675	401	532.53925	533
98.560819	99	396.823025	397	534.53675	535
99.058625	99	393.876625	394	538.5247	539
99.5654	100	392.72005	393	540.755	541
100.066194	100	391.27325	391	545.0615	545
100.569975	101	387.0313	387	547.19985	547
101.073763	101	384.805325	385	550.02185	550
101.574556	102	382.402325	382	550.65765	551
102.069369	102	378.925875	379	554.7527	555
102.570163	103	376.829925	377	559.1097	559
103.067963	103	372.51225	373	560.1688	560
103.568756	104	371.284875	371	561.9967	562
104.060606	104	367.240725	367	566.3573	566
104.558413	105	365.22495	365	568.6594	569
105.05625	105	364.3822	364	570.8141	571
105.557038	106	362.56955	363	572.02935	572
106.057825	106	360.941325	361	574.59375	575
106.564575	107	360.32245	360	574.87085	575
107.062375	107	357.461175	357	578.5653	579
107.563175	108	354.353525	354	582.86785	583
108.060975	108	352.4363	352	584.97295	585
108.564763	109	350.22335	350	588.87805	589
109.068538	109	349.7909	350	592.86115	593
109.56635	110	347.1506	347	594.7075	595
110.067138	110	347.581975	348	595.1231	595
110.558988	111	346.561375	347	597.9897	598
111.056788	111	345.234675	345	598.86155	599
111.56055	112	342.06005	342	600.68785	601
112.064325	112	340.308625	340	602.94715	603
112.559138	113	334.85995	335	608.26715	608
113.059938	113	333.96655	334	606.89635	607
113.566675	114	331.702875	332	608.59605	609
114.061525	114	327.82935	328	611.4828	611
114.565313	115	324.631775	325	613.99095	614
115.063138	115	323.4217	323	614.6026	615
115.5669	116	319.85155	320	617.6681	618
116.061738	116	319.11975	319	616.4311	616
116.559538	117	316.136975	316	617.61915	618
117.069275	117	315.810925	316	618.3415	618
117.561125	118	317.496825	317	617.48655	617
118.061925	118	314.912425	315	618.4141	618
118.556738	119	310.42905	310	620.4354	620
119.063475	119	307.1675	307	621.41265	621
119.558325	120	304.62565	305	620.64425	621
120.056125	120	302.706725	303	620.9718	621
120.556913	121	303.112425	303	622.59725	623
121.051725	121	300.751075	301	624.7737	625
121.5585	122	297.84835	298	625.8067	626
122.05335	122	296.527125	297	629.1334	629
122.554138	123	296.066975	296	631.42805	631
123.045988	123	293.94425	294	632.83665	633
123.552738	124	292.9148	293	636.9876	637
124.053525	124	290.551	291	635.9699	636
124.545375	125	289.206275	289	639.74565	640
125.055113	125	288.927075	289	639.6239	640
125.549963	126	286.380925	286	641.5653	642
126.047763	126	282.988525	283	643.6479	644
126.536625	127	281.7507	282	644.6648	645
127.034425	127	280.548075	281	648.3885	648
127.529238	128	277.94395	278	649.75465	650
128.021088	128	276.164575	276	653.78125	654
128.518925	129	272.5333	273	654.6128	655
129.016725	129	270.83195	271	657.59635	658
129.511563	130	269.463825	269	658.5331	659
130.009375	130	265.3357	265	661.7818	662
130.51315	131	264.491875	264	664.5832	665
131.01395	131	263.5484	264	666.4124	666
131.514738	132	263.4942	263	669.41405	669
132.018525	132	259.7703	260	671.9154	672
132.513363	133	257.703925	258	675.6015	676
133.020138	133	254.840175	255	679.47715	679
133.51795	134	254.190525	254	682.7765	683
134.021725	134	254.104325	254	687.11895	687
134.519525	135	252.0545	252	689.49635	689
135.014375	135	252.284125	252	692.70205	693
135.518125	136	250.94015	251	695.3986	695
136.012938	136	249.5015	250	700.9729	701
136.266325	136	248.426225	248	701.038	701
137.014525	137	245.825225	246	704.34075	704
137.261938	137	243.378425	243	708.726	709
138.0191	138	241.6965	242	711.38805	711
138.266513	138	240.584125	241	715.56425	716
139.020663	139	241.48315	241	719.807	720
139.271063	139	241.281325	241	721.5237	722
140.0163	140	240.59785	241	723.2241	723
140.266688	140	239.824275	240	725.12145	725
141.011938	141	239.24765	239	729.53835	730
141.512725	142	241.410575	241	733.49595	733
142.010525	142	240.03255	240	739.02175	739
142.514313	143	240.276375	240	739.42755	739
143.00915	143	240.333825	240	742.6263	743
143.50995	144	240.800375	241	748.11725	748
143.763338	144	239.6683	240	750.79485	751
144.508575	145	236.0313	236	753.80385	754
144.758975	145	233.825375	234	753.8711	754
145.510163	146	234.01855	234	760.76555	761
145.76355	146	232.645	233	764.61005	765
146.51175	147	230.822425	231	766.64415	767
147.00955	147	233.41615	233	770.77175	771
147.513338	148	233.207075	233	775.075	775
147.763738	148	233.19775	233	777.69075	778
148.517913	149	231.80015	232	781.0794	781
149.018713	149	230.2581	230	785.43425	785
149.528438	150	228.71905	229	787.5717	788
149.77585	150	225.182425	225	793.89305	794
150.52405	151	223.24775	223	796.43335	796
151.018863	151	223.80065	224	801.66095	802
151.52265	152	226.308525	226	803.6353	804
151.77005	152	224.1799	224	808.1546	808
152.509313	153	219.7957	220	810.32515	810
152.7597	153	220.844525	221	811.8133	812
153.5079	154	221.38405	221	814.4387	814
153.755313	154	218.691075	219	816.7653	817
154.503513	155	223.12975	223	820.50985	821
154.7569	155	223.4651	223	821.4329	821
155.511075	156	223.8867	224	824.6306	825
155.767425	156	223.748225	224	825.70075	826
156.518613	157	226.046025	226	829.43755	829
156.769013	157	226.567275	227	830.7343	831
157.523163	158	227.099475	227	832.9048	833
157.77655	158	226.720575	227	834.5728	835
158.518763	159	225.17365	225	836.04395	836
158.769163	159	225.960675	226	838.6155	839
159.52035	160	227.078125	227	841.9485	842
160.02115	160	228.65325	229	843.0082	843
160.527925	161	231.04915	231	844.9966	845
160.769375	161	231.8298	232	848.4372	848
161.526525	162	232.792125	233	851.4741	851
162.0303	162	236.9016	237	854.134	854
162.534063	163	235.140275	235	856.6185	857
163.031863	163	235.9836	236	857.731	858
163.28525	163	234.3167	234	860.842	861
164.039425	164	236.226525	236	864.812	865
164.534275	165	237.803475	238	867.8777	868
165.044013	165	241.5708	242	870.5909	871
165.5448	166	244.202325	244	872.1086	872
166.048588	166	247.723875	248	875.758	876
166.295988	166	248.926325	249	878.074	878
167.053163	167	250.4703	250	882.2599	882
167.303563	167	252.830925	253	885.3204	885
168.0607	168	256.12305	256	888.4995	888
168.3111	168	256.64965	257	892.0446	892
169.0593	169	259.5062	260	895.2461	895
169.563075	170	263.16	263	898.3693	898
170.069825	170	267.529575	268	900.679	901
170.317225	170	267.84895	268	903.4399	903
171.077363	171	269.61765	270	907.6263	908
171.324763	171	267.38025	267	914.0573	914
172.07895	172	267.858	268	917.1263	917
172.582738	173	268.58495	269	921.4523	921
173.092463	173	268.0838	268	925.8163	926
173.34585	173	266.497875	266	930.4612	930
174.09705	174	265.763275	266	936.9435	937
174.603825	175	266.53825	267	941.0541	941
175.098638	175	264.47595	264	948.2839	948
175.593475	176	260.975525	261	955.5099	956
176.094275	176	260.220175	260	959.3529	959
176.589113	177	258.14835	258	964.7058	965
176.839513	177	256.22015	256	968.0717	968
177.587713	178	254.838325	255	974.7181	975
178.082525	178	250.949025	251	980.5916	981
178.59225	179	250.9887	251	984.2392	984
179.090063	179	249.400825	249	989.3237	989
179.593838	180	249.554675	250	993.5421	994
179.844238	180	247.39925	247	996.699	997
180.598425	181	247.093375	247	1002.5461	1003
180.848813	181	246.165625	246	1005.0424	1005
181.602963	182	244.99415	245	1007.9042	1008
182.103763	182	244.585275	245	1012.4523	1012
182.5986	183	242.79405	243	1017.2664	1017
183.102388	183	243.463175	243	1020.8756	1021
183.603175	184	241.995175	242	1026.0892	1026
184.095038	184	237.776075	238	1031.1322	1031
184.592838	185	235.718625	236	1036.097	1036
184.840238	185	234.61205	235	1042.9785	1043
185.585475	186	234.535775	235	1046.6125	1047
186.080288	186	232.91395	233	1051.2062	1051
186.581088	187	235.1903	235	1056.7769	1057
186.831488	187	233.454125	233	1060.9292	1061
187.570738	188	230.47785	230	1065.3826	1065
187.827088	188	231.267025	231	1070.8698	1071
188.56335	189	229.376275	229	1074.9945	1075
188.81375	189	228.044775	228	1079.1456	1079
189.558963	190	228.77625	229	1083.1279	1083
190.056788	190	226.008775	226	1090.8837	1091
190.542663	191	228.4271	228	1098.0157	1098
191.043463	191	228.725925	229	1102.1327	1102
191.547238	192	229.698	230	1107.7775	1108
192.039088	192	231.745375	232	1113.6398	1114
192.292475	192	229.40375	229	1120.1281	1120
193.028775	193	228.577025	229	1126.9436	1127
193.5415	194	229.277375	229	1132.5442	1133
194.0274	194	229.054675	229	1138.1707	1138
194.537138	195	229.834275	230	1143.4282	1143
195.034975	195	231.345775	231	1147.4067	1147
195.532813	196	231.48005	231	1153.8293	1154
195.7862	196	232.518825	233	1158.6517	1159
196.528438	197	231.240225	231	1162.3179	1162
197.041138	197	233.0846	233	1165.8274	1166
197.541925	198	231.7385	232	1170.8801	1171
198.048675	198	236.498175	236	1176.5428	1177
198.546475	199	236.313525	236	1183.5297	1184
199.038325	199	235.893925	236	1186.679	1187
199.542113	200	237.664075	238	1190.2998	1190
200.039913	200	236.6479	237	1195.8328	1196
200.540713	201	238.3748	238	1199.6145	1200
201.020625	201	237.753575	238	1203.7377	1204
201.527375	202	238.1704	238	1207.3774	1207
202.025175	202	235.998025	236	1210.3958	1210
202.522975	203	237.758375	238	1214.3206	1214
203.017788	203	237.674275	238	1219.3596	1219
203.512638	204	238.866175	239	1222.4312	1222
204.016413	204	239.711575	240	1226.7091	1227
204.514225	205	239.716375	240	1231.4944	1231
205.015013	205	242.66025	243	1237.1705	1237
205.512813	206	244.2748	244	1241.8981	1242
206.0166	206	243.132575	243	1246.9274	1247
206.50845	207	245.437375	245	1252.9812	1253
207.00925	207	245.86425	246	1256.6047	1257
207.513025	208	249.29005	249	1259.6598	1260
208.004888	208	251.754925	252	1267.7743	1268
208.508663	209	252.291475	252	1272.9572	1273
209.009463	209	254.706075	255	1277.2052	1277
209.507263	210	253.041925	253	1283.4161	1283
210.00805	210	254.41395	254	1290.297	1290
210.50585	211	252.905275	253	1295.7405	1296
211.0126	211	255.613275	256	1303.5497	1304
211.50745	212	255.68675	256	1308.4551	1308
212.00825	212	255.46625	255	1316.9686	1317
212.514975	213	262.037625	262	1323.5646	1324
213.009825	213	264.280475	264	1330.0472	1330
213.510625	214	264.26715	264	1336.5382	1337
214.008425	214	266.57635	267	1343.2959	1343
214.512175	215	270.026825	270	1351.8898	1352
215.004025	215	267.711725	268	1357.6106	1358
215.5078	216	269.546475	270	1365.6744	1366
216.005625	216	272.16265	272	1372.3462	1372
216.5064	217	271.111725	271	1380.5404	1381
217.01315	217	273.2405	273	1387.8176	1388
217.505	218	275.4748	275	1395.2223	1395
218.0088	218	277.824575	278	1402.4	1402
218.512575	219	281.0679	281	1411.124	1411
219.016325	219	283.665	284	1415.4604	1415
219.523075	220	283.05865	283	1422.8929	1423
220.017875	220	285.1675	285	1429.0332	1429
220.52465	221	285.075675	285	1435.5469	1436
221.02545	221	286.311275	286	1437.2629	1437
221.532225	222	288.3121	288	1441.1229	1441
222.038975	222	289.7028	290	1444.5394	1445
222.54275	223	292.28925	292	1449.1268	1449
223.04055	223	295.394275	295	1452.8026	1453
223.54135	224	296.269375	296	1455.3	1455
224.04215	224	298.568175	299	1453.6631	1454
224.53695	225	299.580225	300	1454.2571	1454
225.0407	225	299.859975	300	1454.1982	1454
225.523625	226	300.1966	300	1452.3206	1452
226.0274	226	303.19925	303	1451.6897	1452
226.5252	227	304.171375	304	1449.3687	1449
227.017025	227	304.908825	305	1446.0386	1446
227.52375	228	304.73615	305	1443.7311	1444
228.0216	228	309.08625	309	1442.682	1443
228.528325	229	311.19985	311	1438.8224	1439
229.0172	229	312.59185	313	1435.066	1435
229.526925	230	314.4594	314	1431.5535	1432
230.024775	230	315.4721	315	1426.7382	1427
230.528575	231	317.2824	317	1422.0179	1422
231.026425	231	319.73875	320	1417.8745	1418
231.5302	232	324.428375	324	1415.7582	1416
232.034	232	326.28695	326	1413.8041	1414
232.53185	233	330.272425	330	1408.7412	1409
233.02375	233	331.720675	332	1405.9803	1406
233.53345	234	332.843725	333	1401.9141	1402
234.025325	234	333.253375	333	1397.5204	1398
234.538025	235	334.385225	334	1392.8115	1393
235.0359	235	336.792025	337	1388.6173	1389
235.542675	236	339.251525	339	1389.2899	1389
236.037475	236	339.5637	340	1387.6547	1388
236.538275	237	342.446575	342	1388.1602	1388
237.04505	237	342.3017	342	1390.8596	1391
237.533925	238	345.394375	345	1395.8563	1396
238.04365	238	349.129425	349	1405.0436	1405
238.538525	239	351.754825	352	1415.9253	1416
239.0453	239	354.8214	355	1427.5195	1428
239.534175	240	356.345325	356	1442.7509	1443
240.04095	240	362.0897	362	1461.3181	1461
240.53875	241	364.92265	365	1476.2876	1476
241.036625	241	369.4773	369	1493.6329	1494
241.546375	242	369.936575	370	1510.2026	1510
242.04125	242	374.17865	374	1526.9141	1527
242.547975	243	376.704675	377	1537.3903	1537
243.048775	243	375.750775	376	1549.4562	1549
243.55255	244	378.3081	378	1558.0995	1558
244.056325	244	378.739575	379	1563.6206	1564
244.557125	245	380.849025	381	1568.4427	1568
245.055	245	383.9577	384	1572.1285	1572
245.55585	246	384.935725	385	1574.604	1575
246.059625	246	390.07795	390	1572.2091	1572
246.560475	247	392.203125	392	1568.5792	1569
247.06725	247	397.064525	397	1563.0791	1563
247.57105	248	397.46225	397	1554.0439	1554
248.065925	248	400.954375	401	1542.5355	1543
248.5548	249	400.903025	401	1527.9836	1528
249.0586	249	404.901425	405	1508.9368	1509
249.553475	250	408.06015	408	1485.6987	1486
250.051325	250	409.2087	409	1458.986	1459
250.5462	251	412.30905	412	1425.9285	1426
251.041075	251	415.4903	415	1388.3419	1388
251.53895	252	415.897125	416	1343.4069	1343
252.0368	252	416.896625	417	1295.7494	1296
252.5376	253	417.316275	417	1244.777	1245
0	0	420.4562	420	1190.7092	1191
0.500854	1	425.32945	425	1133.4445	1133
1.004639	1	430.07685	430	1077.1899	1077
1.252075	1	434.5222	435	1020.5538	1021
2.009277	2	438.68295	439	964.2385	964
2.259705	2	442.55315	443	909.2331	909
3.005005	3	444.49805	444	858.6487	859
3.508789	4	447.2134	447	812.62545	813
4.009582	4	449.6428	450	767.1165	767
4.501465	5	455.05065	455	727.3244	727
5.005249	5	458.041	458	688.2928	688
5.506104	6	458.4032	458	654.12715	654
6.009888	6	459.50655	460	624.17295	624
6.510681	7	460.1303	460	593.8001	594
7.020386	7	465.1255	465	568.0981	568
7.509277	8	465.20165	465	544.10945	544
8.021973	8	467.60335	468	525.4286	525
8.519837	9	470.4387	470	507.71715	508
9.02063	9	474.34535	474	491.5609	492
9.524414	10	478.5597	479	479.0743	479
10.016296	10	482.37335	482	468.22015	468
10.523071	11	486.3424	486	456.9583	457
11.017945	11	488.9473	489	449.9962	450
11.52472	12	491.4273	491	441.72695	442
12.01062	12	494.28615	494	435.91875	436
12.517395	13	495.98175	496	430.45415	430
13.015198	13	499.5152	500	424.6378	425
13.513	14	502.6473	503	422.7866	423
14.016784	14	506.8543	507	415.737125	416
14.511658	15	509.91195	510	414.63705	415
15.024353	15	511.21865	511	412.856	413
15.519227	16	512.4471	512	410.773325	411
16.023011	16	516.5921	517	407.53635	408
16.514892	17	519.8196	520	403.9544	404
17.021667	17	521.2239	521	402.513025	403
17.522461	18	522.8213	523	401.64555	402
18.026245	18	527.2152	527	398.4929	398
18.536011	19	529.2243	529	398.849175	399
19.021911	19	532.1016	532	395.107825	395
19.528686	20	534.1123	534	393.7973	394
20.023559	20	535.6209	536	392.365825	392
20.524353	21	536.3729	536	392.286275	392
21.016236	21	538.98205	539	387.99185	388
21.511108	22	541.00545	541	386.893375	387
22.017883	22	545.65435	546	385.073575	385
22.509766	23	547.58995	548	385.2096	385
23.01947	23	549.65785	550	384.90975	385
23.505372	24	551.93285	552	383.6269	384
24.015075	24	553.6056	554	380.057775	380
24.512939	25	556.7105	557	380.346775	380
25.016723	25	559.9055	560	380.830875	381
25.520508	26	563.32345	563	378.142975	378
26.015381	26	564.6519	565	378.895825	379
26.525084	27	566.908	567	380.285625	380
27.019959	27	565.38545	565	379.31135	379
27.520753	28	566.84215	567	377.9322	378
28.018616	28	568.4821	568	376.355075	376
28.516478	29	569.9105	570	377.7276	378
29.017334	29	572.8675	573	375.18935	375
29.515197	30	571.34265	571	375.27335	375
30.015991	30	572.3476	572	377.981375	378
30.516847	31	575.07145	575	377.394925	377
31.01465	31	575.68785	576	376.839875	377
31.512513	32	576.2971	576	377.1403	377
32.010375	32	576.5807	577	378.953625	379
32.514159	33	575.97035	576	377.14245	377
33.012025	33	574.86595	575	377.345375	377
33.509828	34	571.3614	571	378.57975	379
34.0047	34	571.85265	572	379.159575	379
34.502563	35	572.6806	573	379.75925	380
35.006347	35	574.5612	575	381.535	382
35.498231	35	576.9446	577	382.733325	383
36.004944	36	580.3451	580	381.333975	381
36.490844	36	587.07945	587	382.12055	382
37.003541	37	595.2344	595	384.7876	385
37.498413	37	604.51985	605	383.007925	383
37.996216	38	614.44105	614	384.806375	385
38.497009	38	626.3872	626	386.4631	386
39.000794	39	637.71355	638	386.605075	387
39.510497	40	654.378	654	385.680075	386
39.999391	40	668.47615	668	386.24085	386
40.497253	40	680.6356	681	387.765075	388
41.004028	41	694.4448	694	388.729675	389
41.507813	42	707.26025	707	389.441	389
42.008606	42	717.1308	717	389.927225	390
42.512391	43	721.0959	721	390.72105	391
43.016175	43	720.4876	720	390.634025	391
43.508056	44	721.57495	722	391.183525	391
44.011841	44	719.85565	720	392.5286	393
44.509703	45	712.60305	713	393.13815	393
45.007569	45	705.7584	706	393.081875	393
45.505431	46	700.93425	701	395.256275	395
46.000306	46	693.0168	693	395.817575	396
46.504091	47	691.33355	691	398.9822	399
47.001891	47	688.27015	688	397.185575	397
47.505675	48	689.1388	689	396.990275	397
48.003541	48	688.18245	688	396.9421	397
48.510253	49	691.07775	691	397.4931	397
49.008119	49	696.6129	697	399.259375	399
49.514831	50	698.55645	699	397.920075	398
50.009703	50	699.7207	700	398.82525	399
50.516419	51	701.4637	701	402.168425	402
51.017272	51	699.71565	700	402.2864	402
51.512147	52	695.0497	695	403.042	403
52.013	52	690.98015	691	402.514	403
52.519775	53	689.10395	689	404.326325	404
53.01465	53	683.32415	683	405.5643	406
53.521363	54	679.1425	679	406.157075	406
54.013244	54	672.91545	673	405.7472	406
54.517031	55	664.0815	664	407.8552	408
55.014831	55	656.99595	657	408.782675	409
55.5246	56	652.03675	652	410.693975	411
56.019469	56	645.3598	645	410.632075	411
56.514344	57	638.92145	639	411.99195	412
57.027038	57	634.49635	634	410.25345	410
57.5249	58	626.232	626	411.40525	411
58.025694	58	619.68785	620	414.278225	414
58.520569	59	614.96715	615	415.42535	415
59.021363	59	610.74335	611	417.164525	417
59.516238	60	612.3321	612	417.80325	418
60.014038	60	608.67895	609	418.4906	418
60.523806	61	605.5899	606	418.5774	419
61.006713	61	600.2378	600	420.34765	420
61.519406	62	596.45265	596	419.92155	420
62.014281	62	594.09655	594	421.91645	422
62.518069	63	590.05815	590	422.6923	423
63.00995	63	590.55705	591	423.99075	424
63.513731	64	586.7912	587	426.9425	427
64.011538	64	581.72085	582	426.9034	427
64.512331	65	579.17385	579	427.59175	428
65.025088	65	577.5508	578	429.5393	430
65.513975	66	572.57615	573	430.9168	431
66.026675	66	570.45665	570	432.0726	432
66.524538	67	567.4499	567	432.84875	433
67.037231	67	567.1144	567	431.9875	432
67.541013	68	564.0627	564	430.73985	431
68.041869	68	561.2207	561	430.56925	431
68.536744	69	559.40875	559	432.88105	433
69.043519	69	557.8211	558	432.60365	433
69.544375	70	554.32505	554	433.19895	433
70.039244	70	550.79325	551	433.5511	434
70.543031	71	547.04255	547	435.04635	435
71.0379	71	540.68445	541	436.34755	436
71.541688	72	540.8244	541	437.2715	437
72.048463	72	540.8377	541	437.54985	438
72.546263	73	536.56855	537	439.50535	440
73.05005	73	536.2705	536	441.3993	441
73.550906	74	534.619	535	444.6834	445
74.057619	74	532.3614	532	444.93355	445
74.552431	75	528.1627	528	446.2961	446
75.056213	75	522.75175	523	446.89985	447
75.554075	76	522.09895	522	447.51885	448
76.054869	76	518.21015	518	450.39025	450
76.552738	77	514.0202	514	450.8561	451
77.0506	77	511.74635	512	452.33345	452
77.548463	78	509.1045	509	453.25005	453
78.052244	78	507.88465	508	453.91255	454
78.550113	79	504.28655	504	455.98915	456
79.050963	79	503.53205	504	455.92115	456
79.545838	80	499.97095	500	456.12615	456
80.049619	80	496.4565	496	455.88215	456
80.544494	81	493.60975	494	457.79455	458
81.045288	81	489.62385	490	459.46355	459
81.552063	82	486.7953	487	459.91545	460
82.046938	82	482.2142	482	463.4315	463
82.547731	83	479.60345	480	462.38945	462
83.0426	83	476.72875	477	464.54545	465
83.546388	84	471.00025	471	464.3318	464
84.035281	84	468.9702	469	464.6187	465
84.541994	85	468.10585	468	464.11115	464
85.033875	85	466.1157	466	464.94	465
85.522769	86	459.51365	460	467.3514	467
86.03845	86	458.46605	458	467.2746	467
86.533325	87	455.62745	456	466.6924	467
87.031188	87	454.75825	455	468.9008	469
87.523069	88	451.90415	452	472.00965	472
88.026856	88	449.37235	449	473.67775	474
88.530638	89	447.0316	447	475.02895	475
89.025513	89	444.0756	444	476.05345	476
89.532288	90	442.3612	442	475.9933	476
90.021181	90	437.07255	437	476.9745	477
90.536863	91	434.6287	435	479.49935	479
91.034731	91	431.32925	431	482.92445	483
91.541506	92	427.46665	427	486.3088	486
92.036375	92	425.938	426	486.8501	487
92.534244	93	423.04975	423	488.52855	489
93.035031	93	418.760275	419	488.1581	488
93.526919	94	416.8458	417	489.01805	489
94.027713	94	411.85505	412	491.3346	491
94.510619	95	410.49255	410	493.931	494
95.023313	95	409.02895	409	496.2741	496
95.5152	96	406.72345	407	499.822	500
96.010013	96	402.56595	403	501.3058	501
96.513794	97	401.918425	402	502.8477	503
97.011594	97	396.823875	397	501.9366	502
97.518369	98	393.877325	394	504.28865	504
98.007263	98	390.5406	391	504.8538	505
98.516969	99	390.89785	391	506.60155	507
99.011844	99	389.497225	389	508.90725	509
99.515625	100	386.40275	386	510.1848	510
100.019406	100	384.876225	385	510.14965	510
100.517213	101	382.729725	383	514.56115	515
101.023925	101	381.511075	382	516.7945	517
101.515806	102	377.303975	377	520.03345	520
102.016663	102	374.7362	375	523.18705	523
102.514525	103	372.256275	372	528.51145	529
103.015381	103	368.67755	369	531.6942	532
103.516238	104	364.8688	365	532.7323	533
104.0141	104	362.453725	362	533.67315	534
104.514956	105	361.257475	361	536.99525	537
105.006838	105	361.20855	361	539.8861	540
105.5166	106	358.418925	358	541.7277	542
106.011475	106	355.4893	355	543.22945	543
106.50635	107	351.976325	352	545.3358	545
107.007138	107	350.650825	351	548.692	549
107.499025	107	351.61715	352	551.0105	551
107.999813	108	350.279875	350	550.63845	551
108.485713	108	348.8567	349	552.0371	552
108.9895	109	346.2539	346	554.64	555
109.484375	109	344.125675	344	555.9684	556
109.982238	110	339.401775	339	558.82435	559
110.486025	110	336.4754	336	561.3177	561
110.9779	111	333.43505	333	562.64735	563
111.487613	111	332.7024	333	562.7843	563
111.979488	112	330.368925	330	565.4253	565
112.492188	112	330.018825	330	567.9045	568
112.984075	113	327.74525	328	571.0326	571
113.484863	113	327.253625	327	574.71645	575
113.98865	114	325.45545	325	577.4303	577
114.489438	114	321.7089	322	579.07855	579
115.002138	115	321.154175	321	581.65355	582
115.494013	115	318.0649	318	585.8994	586
116.003725	116	317.142575	317	589.5885	590
116.504513	117	317.6155	318	592.56665	593
116.999388	117	316.40855	316	596.91895	597
117.49725	117	314.0109	314	597.58435	598
117.989138	118	311.538825	312	600.17335	600
118.492925	118	310.586425	311	603.1704	603
118.9848	119	307.824975	308	605.16795	605
119.488588	119	306.268225	306	606.64605	607
119.977475	120	301.73725	302	608.6333	609
120.478275	120	300.89715	301	613.2329	613
120.979125	121	298.2367	298	616.62865	617
121.479925	121	296.381675	296	618.2192	618
121.977788	122	296.83915	297	620.07745	620
122.478575	122	297.209675	297	620.0727	620
122.98535	123	294.83985	295	621.00885	621
123.483213	123	291.350275	291	622.7371	623
123.987	124	290.2537	290	624.657	625
124.48785	124	288.885475	289	627.63215	628
124.985713	125	284.397225	284	628.42195	628
125.4895	125	283.171725	283	632.63175	633
125.984375	126	280.589075	281	635.32165	635
126.488163	126	277.017125	277	638.99055	639
126.991938	127	276.11385	276	642.09235	642
127.48975	127	276.532225	277	645.1048	645
127.996463	128	273.451075	273	647.30485	647
128.48535	128	271.42535	271	649.9369	650
128.992125	129	271.804525	272	652.76885	653
129.487	129	268.611675	269	657.19275	657
129.9997	130	270.135425	270	656.4461	656
130.491575	130	269.209675	269	659.2913	659
130.992375	131	267.699825	268	662.22595	662
131.49915	131	265.056825	265	663.633	664
131.988038	132	260.776	261	667.5727	668
132.491825	132	260.95855	261	670.3639	670
132.9837	133	259.156425	259	674.1547	674
133.4964	133	257.5567	258	676.8253	677
133.985288	134	254.100925	254	677.61845	678
134.489075	134	253.181725	253	678.92095	679
134.992863	135	253.3972	253	680.85595	681
135.484675	135	253.511725	254	684.41325	684
135.997375	136	251.964475	252	685.37475	685
136.238825	136	247.6912	248	687.24355	687
136.996038	137	247.329875	247	687.44725	687
137.246463	137	249.407175	249	690.1322	690
138.012575	138	248.439825	248	690.46705	690
138.5014	139	248.52625	249	695.47835	695
139.008175	139	243.21625	243	696.1374	696
139.51495	140	241.33515	241	697.96125	698
140.01575	140	240.321475	240	702.58855	703
140.528438	141	240.690375	241	705.78675	706
141.017338	141	238.1892	238	709.63725	710
141.521113	142	237.82325	238	713.15615	713
141.76855	142	235.176825	235	718.72645	719
142.5138	143	233.163225	233	721.4184	721
142.764225	143	232.6422	233	723.1689	723
143.503538	144	229.080175	229	726.49675	726
144.007325	144	229.744925	230	727.6023	728
144.496213	144	225.813375	226	730.5179	731
145	145	225.518825	226	732.1594	732
145.25635	145	224.600225	225	734.5391	735
146.010563	146	224.3762	224	739.5367	740
146.260988	146	225.3747	225	741.09465	741
147.018188	147	226.0135	226	744.93665	745
147.51605	148	228.100925	228	747.1287	747
148.019838	148	226.311725	226	749.75425	750
148.273188	148	225.8725	226	750.6309	751
149.02735	149	222.5667	223	755.381	755
149.531125	150	225.159025	225	761.6686	762
150.028988	150	224.6388	225	763.02155	763
150.532775	151	222.6074	223	762.75745	763
151.033625	151	222.412	222	764.2135	764
151.5315	152	221.3237	221	765.89295	766
152.035275	152	221.382175	221	770.84325	771
152.539063	153	223.089575	223	774.693	775
153.039913	153	220.812525	221	776.2213	776
153.296263	153	223.35815	223	778.7693	779
154.038575	154	222.3401	222	782.3031	782
154.542363	155	222.935475	223	785.76545	786
155.049138	155	219.827725	220	788.05	788
155.299563	155	220.82045	221	790.36045	790
156.04785	156	218.92455	219	793.93195	794
156.542725	157	219.0489	219	799.5149	800
157.043575	157	221.089575	221	801.38695	801
157.291013	157	221.20255	221	804.37335	804
158.048213	158	222.524075	223	810.42235	810
158.534113	159	222.274475	222	814.2221	814
159.043825	159	222.192325	222	814.7799	815
159.300175	159	222.875775	223	817.4417	817
160.054388	160	223.069375	223	821.6677	822
160.301825	160	222.4762	222	825.54085	826
161.047063	161	221.715725	222	827.4181	827
161.300413	161	224.389725	224	829.0486	829
162.05755	162	224.595675	225	832.70935	833
162.564325	163	227.852475	228	836.3946	836
163.047238	163	227.450525	227	840.6596	841
163.55695	164	229.7449	230	842.7842	843
163.8103	164	230.16335	230	844.8152	845
164.561463	165	231.1123	231	849.2202	849
165.06525	165	236.93095	237	852.1984	852
165.560125	166	238.354075	238	857.3007	857
166.057988	166	243.326775	243	861.8535	862
166.546875	167	242.934675	243	865.1213	865
167.053588	167	245.337075	245	869.1782	869
167.542475	168	248.033	248	872.8242	873
168.046263	168	250.466725	250	876.5975	877
168.541075	169	254.618025	255	879.874	880
169.03595	169	253.970575	254	883.0179	883
169.536738	170	257.80615	258	886.8144	887
170.025638	170	259.142975	259	892.3096	892
170.541325	171	262.015775	262	897.1407	897
171.024225	171	261.51275	262	899.5539	900
171.528013	172	260.275325	260	901.7687	902
172.025813	172	261.233	261	905.1025	905
172.532588	173	258.068725	258	909.573	910
173.033388	173	258.85565	259	913.5341	914
173.528263	174	259.59305	260	916.9525	917
174.037963	174	258.93035	259	919.9215	920
174.282413	174	255.293575	255	922.8464	923
175.030638	175	255.1378	255	925.8156	926
175.284	175	256.061625	256	931.5005	932
176.035213	176	255.7899	256	934.2953	934
176.539	177	257.3598	257	939.6092	940
177.033875	177	254.921425	255	944.8033	945
177.540588	178	254.696325	255	945.6907	946
177.791013	178	253.314025	253	950.3194	950
178.53925	179	251.334375	251	954.2087	954
178.7926	179	253.150825	253	957.869	958
179.534913	180	250.942175	251	961.9638	962
180.0387	180	251.03315	251	966.3406	966
180.5365	181	250.06685	250	970.3658	970
181.03735	181	247.59415	248	974.6562	975
181.284788	181	242.74125	243	980.6315	981
182.0271	182	239.270425	239	985.9315	986
182.277525	182	238.29905	238	990.3145	990
183.019838	183	237.5222	238	994.9846	995
183.276188	183	235.372975	235	1000.0175	1000
184.012513	184	233.602075	234	1005.8342	1006
184.519288	185	234.147675	234	1010.2857	1010
185.014163	185	232.919575	233	1014.1714	1014
185.51495	186	230.07485	230	1021.0988	1021
186.018738	186	231.5706	232	1027.7499	1028
186.516538	187	230.002175	230	1031.6774	1032
187.0174	187	227.73175	228	1036.1786	1036
187.264838	187	228.7327	229	1040.0247	1040
188.024963	188	228.0035	228	1044.3799	1044
188.269413	188	224.552825	225	1048.9977	1049
189.023563	189	225.687775	226	1054.6681	1055
189.273988	189	224.857075	225	1057.8711	1058
190.022213	190	226.004225	226	1064.5256	1065
190.520075	191	227.813425	228	1068.1357	1068
191.01495	191	226.12885	226	1073.21	1073
191.518738	192	226.364375	226	1076.15	1076
191.769163	192	225.655125	226	1078.4314	1078
192.496525	192	227.72065	228	1082.9294	1083
192.910888	193	227.983725	228	1087.6428	1088
193.289425	193	227.606825	228	1093.4106	1093
193.7157	194	227.70155	228	1096.6826	1097
194.156863	194	225.83825	226	1101.9529	1102
194.604	195	226.328975	226	1107.1318	1107
195.072025	195	228.24645	228	1112.5468	1113
195.52515	196	228.029625	228	1118.3628	1118
196.002075	196	229.753975	230	1121.6638	1122
196.446225	196	229.1607	229	1127.7577	1128
196.90235	197	230.140175	230	1131.5837	1132
197.3465	197	229.643525	230	1135.2229	1135
197.781675	198	229.22125	229	1138.8506	1139
198.213863	198	230.9892	231	1141.5089	1142
198.63715	199	232.90125	233	1144.7722	1145
199.063413	199	234	234	1147.6754	1148
199.278013	199	234.699975	235	1151.177	1151
199.7132	200	235.166975	235	1155.2034	1155
200.1424	200	236.255225	236	1160.0447	1160
200.568663	201	236.696725	237	1165.3062	1165
201.00085	201	238.31435	238	1169.2479	1169
201.427125	201	237.874625	238	1174.0808	1174
201.853388	202	239.958425	240	1177.9655	1178
202.279663	202	238.856325	239	1180.5818	1181
202.700013	203	240.4036	240	1186.3812	1186
203.114375	203	241.666925	242	1192.0787	1192
203.525763	204	241.0202	241	1198.6538	1199
203.922238	204	239.85635	240	1201.3995	1201
204.521363	205	239.033625	239	1206.3634	1206
204.908875	205	240.63725	241	1209.9244	1210
205.290463	205	240.53615	241	1215.8287	1216
205.674988	206	242.074275	242	1223.5112	1224
206.038638	206	245.75015	246	1225.734	1226
206.408263	206	246.7076	247	1231.4744	1231
206.780888	207	248.023175	248	1239.7341	1240
207.132688	207	251.388775	251	1242.8846	1243
207.487425	207	253.084875	253	1249.2067	1249
207.839175	208	253.298725	253	1252.9973	1253
208.173038	208	252.38195	252	1258.3878	1258
208.512875	209	252.709375	253	1265.6239	1266
208.84375	209	252.204575	252	1271.0153	1271
209.171625	209	256.1257	256	1276.5823	1277
209.484675	209	258.681825	259	1282.5717	1283
209.80065	210	258.59225	259	1289.0129	1289
210.110725	210	258.9497	259	1295.3804	1295
210.4118	210	258.10925	258	1300.2479	1300
210.7129	211	259.978475	260	1303.6908	1304
211.005	211	262.582575	263	1306.5396	1307
211.294125	211	263.161875	263	1310.817	1311
211.57435	212	262.611075	263	1314.9415	1315
211.8545	212	262.954975	263	1316.8326	1317
212.131725	212	264.19355	264	1318.6343	1319
212.40295	212	265.306775	265	1324.4237	1324
212.665275	213	265.97845	266	1329.3131	1329
212.921625	213	264.462525	264	1333.4235	1333
213.172	213	262.964625	263	1336.7429	1337
213.422375	213	266.12135	266	1341.3617	1341
213.6549	214	264.958275	265	1347.2928	1347
213.893425	214	265.7962	266	1350.9071	1351
214.122975	214	267.4049	267	1353.8147	1354
214.343575	214	268.327975	268	1355.9198	1356
214.56115	215	267.615625	268	1361.2749	1361
214.76685	215	265.508675	266	1365.5126	1366
214.975525	215	265.222025	265	1368.7651	1369
215.181225	215	266.49985	266	1371.5896	1372
215.380975	215	269.28485	269	1375.9175	1376
215.57775	216	271.060725	271	1379.233	1379
215.777475	216	271.039175	271	1383.4786	1383
215.962275	216	272.631725	273	1386.8176	1387
216.1441	216	274.841675	275	1389.8223	1390
216.325925	216	275.89175	276	1392.1359	1392
216.501775	217	273.532325	274	1395.15	1395
216.674625	217	275.741175	276	1396.9814	1397
216.835625	217	277.68035	278	1398.3051	1398
216.99365	217	277.7711	278	1401.007	1401
217.1397	217	278.104575	278	1402.4955	1402
217.28875	217	277.564725	278	1406.6913	1407
217.42585	217	278.2174	278	1407.84	1408
217.562925	218	280.2561	280	1411.0903	1411
217.697025	218	280.867425	281	1411.4032	1411
217.822275	218	285.0826	285	1414.0765	1414
217.93855	218	290.8169	291	1414.3918	1414
218.051825	218	289.851675	290	1417.7872	1418
218.1651	218	287.93985	288	1418.7776	1419
218.278375	218	287.84125	288	1422.2798	1422
218.385675	218	287.5714	288	1423.8566	1424
218.484	218	288.092825	288	1427.0237	1427
218.5794	219	286.8352	287	1428.5092	1429
218.671825	219	285.2465	285	1430.5322	1431
218.7553	219	286.159625	286	1429.3811	1429
218.82685	219	286.919275	287	1430.7286	1431
218.8924	219	288.134625	288	1431.0402	1431
218.95495	219	289.57905	290	1433.0325	1433
219.017525	219	290.559	291	1431.9363	1432
219.071175	219	291.962775	292	1433.1984	1433
219.124825	219	290.999825	291	1431.7007	1432
219.175525	219	290.239875	290	1434.0775	1434
219.22625	219	290.984275	291	1433.6228	1434
219.262025	219	289.93725	290	1434.7643	1435
219.2978	219	291.239125	291	1433.6589	1434
219.327575	219	290.423675	290	1435.2435	1435
219.34845	219	289.183125	289	1434.1771	1434
219.366325	219	289.2283	289	1437.0334	1437
219.381275	219	290.974925	291	1436.4771	1436
219.39025	219	292.349675	292	1436.7264	1437
219.399225	219	294.0532	294	1437.2782	1437
219.414125	219	293.833075	294	1437.8052	1438
219.467775	219	293.614775	294	1436.4022	1436
0	0	0	0	0	0
0	0	0	0	0	0
0	0	0	0	0	0
0	0	0	0	0	0
0	0	0	0	0	0
0	0	0	0	0	0
0	0	0	0	0	0
0	0	0	0	0	0
0	0	0	0	0	0
0	0	0	0	0	0
0	0	0	0	0	0
0	0	0	0	0	0
0	0	0	0	0	0
0	0	0	0	0	0
0	0	0	0	0	0
0	0	0	0	0	0
0	0	0	0	0	0
0	0	0	0	0	0
0	0	0	0	0	0
0	0	0	0	0	0
0	0	0	0	0	0
0	0	0	0	0	0
0	0	0	0	0	0
0	0	0	0	0	0
0	0	0	0	0	0
0	0	0	0	0	0
0	0	0	0	0	0
0	0	0	0	0	0
0	0	0	0	0	0
0	0	0	0	0	0
0	0	0	0	0	0
0	0	0	0	0	0
0	0	0	0	0	0
0	0	0	0	0	0
0	0	0	0	0	0
0	0	0	0	0	0
0	0	0	0	0	0
0	0	0	0	0	0
0	0	0	0	0	0
0	0	0	0	0	0
0	0	0	0	0	0
0	0	0	0	0	0
0	0	0	0	0	0
0	0	0	0	0	0
0	0	0	0	0	0
0	0	0	0	0	0
0	0	0	0	0	0
0	0	0	0	0	0
0	0	0	0	0	0
0	0	0	0	0	0
0	0	0	0	0	0
0	0	0	0	0	0
0	0	0	0	0	0
0	0	0	0	0	0
0	0	0	0	0	0
0	0	0	0	0	0
0	0	0	0	0	0
0	0	0	0	0	0
0	0	0	0	0	0
0	0	0	0	0	0
0	0	0	0	0	0
0	0	0	0	0	0
0	0	0	0	0	0
0	0	0	0	0	0
0	0	0	0	0	0
0	0	0	0	0	0
0	0	0	0	0	0
0	0	0	0	0	0
0	0	0	0	0	0
0	0	0	0	0	0
0	0	0	0	0	0
0	0	0	0	0	0
0	0	0	0	0	0
0	0	0	0	0	0
0	0	0	0	0	0
0	0	0	0	0	0
0	0	0	0	0	0
0	0	0	0	0	0
0	0	0	0	0	0
0	0	0	0	0	0
0	0	0	0	0	0
0	0	0	0	0	0
0	0	0	0	0	0
0	0	0	0	0	0
0	0	0	0	0	0
0	0	0	0	0	0
0	0	0	0	0	0
0	0	0	0	0	0
0	0	0	0	0	0
0	0	0	0	0	0
0	0	0	0	0	0
0	0	0	0	0	0
0	0	0	0	0	0
0	0	0	0	0	0
0	0	0	0	0	0
0	0	0	0	0	0
0	0	0	0	0	0
0	0	0	0	0	0
0	0	0	0	0	0
0	0	0	0	0	0
0	0	0	0	0	0
0	0	0	0	0	0
0	0	0	0	0	0
0	0	0	0	0	0
0	0	0	0	0	0
0	0	0	0	0	0
0	0	0	0	0	0
0	0	0	0	0	0
0	0	0	0	0	0
0	0	0	0	0	0
0	0	0	0	0	0
0	0	0	0	0	0
0	0	0	0	0	0
0	0	0	0	0	0
0	0	0	0	0	0
0	0	0	0	0	0
0	0	0	0	0	0
0	0	0	0	0	0
0	0	0	0	0	0
0	0	0	0	0	0
0	0	0	0	0	0
0	0	0	0	0	0
0	0	0	0	0	0
0	0	0	0	0	0
0	0	0	0	0	0
0	0	0	0	0	0
0	0	0	0	0	0
0	0	0	0	0	0
0	0	0	0	0	0
0	0	0	0	0	0
0	0	0	0	0	0
0	0	0	0	0	0
0	0	0	0	0	0
0	0	0	0	0	0
0	0	0	0	0	0
