0	0	3392.4892	3392	660.53155	661
0	0	3393.066	3393	660.46055	660
0	0	3392.7536	3393	659.013	659
0	0	3392.9804	3393	657.1005	657
0	0	3392.684	3393	656.62135	657
0	0	3392.6336	3393	657.25325	657
0	0	3392.4032	3392	656.37505	656
0	0	3392.6764	3393	656.66375	657
0	0	3392.6276	3393	655.95765	656
0	0	3392.688	3393	654.85565	655
0	0	3392.9472	3393	655.92305	656
0	0	3392.8668	3393	656.5176	657
0	0	3392.5124	3393	658.1192	658
0	0	3392.6352	3393	656.9865	657
0	0	3392.804	3393	655.32905	655
0	0	3393.2308	3393	655.5365	656
0	0	3393.0072	3393	657.54455	658
0	0	3393.1952	3393	658.6911	659
0	0	3393.448	3393	658.40975	658
0	0	3393.5428	3394	658.1518	658
0	0	3392.9596	3393	657.73295	658
0	0	3392.9672	3393	658.9637	659
0	0	3391.8932	3392	660.98055	661
0	0	3391.9732	3392	662.61415	663
0	0	3391.888	3392	662.43745	662
0	0	3392.3692	3392	661.3843	661
0	0	3392.4788	3392	660.97125	661
0	0	3391.9876	3392	662.8667	663
0	0	3392.18	3392	664.41195	664
0	0	3392.2556	3392	664.84355	665
0	0	3392.2668	3392	664.20325	664
0	0	3392.676	3393	664.6146	665
0	0	3392.5576	3393	664.46775	664
0	0	3392.6312	3393	664.8689	665
0	0	3393.2716	3393	667.0638	667
0	0	3393.4096	3393	666.3216	666
0	0	3393.0516	3393	664.1804	664
0	0	3393.0316	3393	665.97605	666
0	0	3393.0056	3393	667.77065	668
0	0	3393.1944	3393	667.79415	668
0	0	3393.0472	3393	670.2932	670
0	0	3393.328	3393	670.15745	670
0	0	3393.4552	3393	667.85755	668
0	0	3394.0284	3394	668.70455	669
0	0	3393.3532	3393	671.8906	672
0	0	3393.846	3394	671.80135	672
0	0	3393.8548	3394	670.40905	670
0	0	3394.0524	3394	671.21135	671
0	0	3393.8424	3394	671.6612	672
0	0	3393.8424	3394	672.2256	672
0	0	3394.242	3394	674.1027	674
0	0	3395.236	3395	673.9032	674
0	0	3394.9908	3395	671.33155	671
0	0	3395.3624	3395	670.4585	670
0	0	3395.2936	3395	671.19135	671
0	0	3395.1576	3395	671.80495	672
0	0	3395.2176	3395	672.69195	673
0	0	3394.906	3395	672.03045	672
0	0	3394.7136	3395	669.8047	670
0	0	3394.8476	3395	669.6317	670
0	0	3394.7564	3395	671.0517	671
0	0	3394.3124	3394	671.35185	671
0	0	3393.8632	3394	672.075	672
0	0	3393.8988	3394	671.54075	672
0	0	3393.258	3393	669.618	670
0	0	3392.7188	3393	671.30055	671
0	0	3391.262	3391	674.0934	674
0	0	3390.822	3391	674.6056	675
0	0	3390.3756	3390	673.1605	673
0	0	3390.294	3390	673.11	673
0	0	3389.848	3390	673.02905	673
0	0	3389.6668	3390	673.74345	674
0	0	3389.0396	3389	675.70215	676
0	0	3388.362	3388	676.30865	676
0	0	3387.9032	3388	675.22005	675
0	0	3388.1412	3388	675.3182	675
0	0	3387.9244	3388	676.27765	676
0	0	3388.4088	3388	676.8048	677
0	0	3387.9408	3388	677.9719	678
0	0	3388.0316	3388	677.65725	678
0	0	3388.9852	3389	676.60235	677
0	0	3389.558	3390	677.91785	678
0	0	3390.4716	3390	678.7934	679
0	0	3391.0516	3391	679.23265	679
0	0	3391.872	3392	680.6184	681
0	0	3392.946	3393	678.78095	679
0	0	3393.816	3394	676.68255	677
0	0	3395.0612	3395	678.69285	679
0	0	3395.8092	3396	680.0512	680
0	0	3396.9852	3397	680.69145	681
0	0	3397.378	3397	680.82015	681
0	0	3397.786	3398	678.8943	679
0	0	3398.5864	3399	678.2943	678
0	0	3398.6552	3399	680.94835	681
0	0	3398.8908	3399	682.16815	682
0	0	3399.2916	3399	679.81615	680
0	0	3399.426	3399	679.68105	680
0	0	3398.8448	3399	679.7616	680
0	0	3398.394	3398	678.50685	679
0	0	3398.2088	3398	680.6005	681
0	0	3397.2692	3397	681.65635	682
0	0	3396.258	3396	678.2816	678
0	0	3395.5284	3396	678.43805	678
0	0	3394.478	3394	679.00475	679
0	0	3393.3268	3393	678.8338	679
0	0	3392.6844	3393	681.5053	682
0	0	3391.0044	3391	682.61925	683
0	0	3391.0132	3391	680.0716	680
0	0	3390.0704	3390	679.51795	680
0	0	3390.0372	3390	682.66955	683
0	0	3389.81	3390	682.89225	683
0	0	3390.036	3390	683.42275	683
0	0	3389.7592	3390	684.55245	685
0	0	3389.7044	3390	683.89745	684
0	0	3389.4708	3389	684.9069	685
0	0	3389.5712	3390	687.78455	688
0	0	3389.0824	3389	690.65545	691
0	0	3388.3568	3388	690.51095	691
0	0	3388.0988	3388	692.52385	693
0	0	3387.4896	3387	696.19435	696
0	0	3387.3868	3387	697.11735	697
0	0	3387.4928	3387	701.90505	702
0	0	3387.3992	3387	707.14305	707
0	0	3387.4232	3387	708.8359	709
0	0	3386.4924	3386	710.36705	710
0	0	3386.2788	3386	716.5273	717
0	0	3386.856	3387	720.1971	720
0	0	3387.7432	3388	722.9496	723
0	0	3387.762	3388	728.4091	728
0	0	3388.9168	3389	730.96135	731
0	0	3389.2128	3389	732.3087	732
0	0	3390.012	3390	737.80005	738
0	0	3390.5892	3391	742.528	743
0	0	3391.4372	3391	743.7277	744
0	0	3393.474	3393	743.7795	744
0	0	3395.0736	3395	744.2213	744
0	0	3396.1096	3396	744.7392	745
0	0	3397.7084	3398	744.6887	745
0	0	3398.8136	3399	745.8178	746
0	0	3400.6588	3401	744.6324	745
0	0	3402.3336	3402	740.7622	741
0	0	3404.45	3404	738.17735	738
0	0	3406.3644	3406	735.7736	736
0	0	3407.7148	3408	732.9466	733
0	0	3408.8888	3409	728.83665	729
0	0	3410.24	3410	722.4477	722
0	0	3410.764	3411	716.94255	717
0	0	3410.9988	3411	713.26345	713
0	0	3410.1388	3410	709.30335	709
0	0	3409.422	3409	705.1957	705
0	0	3407.9216	3408	701.60845	702
0	0	3407.0764	3407	695.3528	695
0	0	3405.4416	3405	690.3958	690
0	0	3404.3476	3404	689.5306	690
0	0	3402.6512	3403	687.41975	687
0	0	3401.0072	3401	684.6599	685
0	0	3399.2956	3399	683.01445	683
0	0	3398.4892	3398	681.7417	682
0	0	3397.1356	3397	680.6507	681
0	0	3396.7396	3397	681.2071	681
0	0	3396.2888	3396	681.42775	681
0	0	3395.5736	3396	679.3365	679
0	0	3394.6844	3395	677.0825	677
0	0	3394.1544	3394	678.4568	678
0	0	3393.2648	3393	680.06	680
0	0	3393.104	3393	679.89855	680
0	0	3392.1436	3392	681.8078	682
0	0	3392.4164	3392	680.4943	680
0	0	3391.6568	3392	677.85035	678
0	0	3391.622	3392	680.09875	680
0	0	3392.2336	3392	681.59005	682
0	0	3392.8492	3393	680.8079	681
0	0	3394.0176	3394	680.0044	680
0	0	3395.064	3395	679.80355	680
0	0	3395.8112	3396	678.73085	679
0	0	3396.6972	3397	679.20195	679
0	0	3397.5844	3398	680.39355	680
0	0	3398.1332	3398	680.66875	681
0	0	3398.7676	3399	677.89165	678
0	0	3398.4112	3398	676.70225	677
0	0	3398.3128	3398	678.30885	678
0	0	3397.9632	3398	679.6701	680
0	0	3396.7	3397	680.2827	680
0	0	3396.2472	3396	678.859	679
0	0	3395.51	3396	678.02575	678
0	0	3394.0728	3394	678.9408	679
0	0	3393.2488	3393	679.22205	679
0	0	3392.6312	3393	679.5398	680
0	0	3392.0216	3392	679.7472	680
0	0	3391.4372	3391	679.4752	679
0	0	3391.434	3391	677.9449	678
0	0	3391.7116	3392	678.4853	678
0	0	3392.4264	3392	680.023	680
0	0	3393.6752	3394	680.1186	680
0	0	3394.7364	3395	678.166	678
0	0	3396.5768	3397	677.57445	678
0	0	3397.2972	3397	678.5153	679
0	0	3397.3904	3397	679.52735	680
0	0	3397.7764	3398	680.1471	680
0	0	3396.1888	3396	680.5091	681
0	0	3394.5924	3395	678.3823	678
0	0	3392.96	3393	678.5497	679
0	0	3390.5976	3391	679.5152	680
0	0	3387.904	3388	679.49725	679
0	0	3385.272	3385	679.32275	679
0	0	3382.34	3382	679.03145	679
0	0	3380.2552	3380	676.85545	677
0	0	3377.6364	3378	676.92285	677
0	0	3375.7956	3376	677.65745	678
0	0	3375.0644	3375	678.01255	678
0	0	3374.102	3374	676.8101	677
0	0	3373.2324	3373	675.15615	675
0	0	3373.068	3373	673.68645	674
0	0	3372.6952	3373	673.586	674
0	0	3372.3628	3372	675.1046	675
0	0	3372.464	3372	675.79475	676
0	0	3373.0356	3373	673.55375	674
0	0	3373.8788	3374	672.4585	672
0	0	3374.7516	3375	673.31135	673
0	0	3375.0784	3375	673.2422	673
0	0	3375.8836	3376	673.9362	674
0	0	3376.8456	3377	674.3984	674
0	0	3377.2148	3377	672.70265	673
0	0	3377.4536	3377	672.7791	673
0	0	3377.4472	3377	674.7311	675
0	0	3376.192	3376	675.45215	675
0	0	3373.4152	3373	674.6862	675
0	0	3367.1164	3367	674.2058	674
0	0	3357.794	3358	672.45665	672
0	0	3344.9332	3345	672.0299	672
0	0	3331.2458	3331	674.08415	674
0	0	3319.9188	3320	674.26815	674
0	0	3311.9542	3312	673.25715	673
0	0	3305.7824	3306	671.8583	672
0	0	3301.5236	3302	671.5052	672
0	0	3296.384	3296	671.8892	672
0	0	3293.061	3293	673.2302	673
0	0	3291.9392	3292	673.2564	673
0	0	3292.6406	3293	671.4876	671
0	0	3295.0888	3295	670.56495	671
0	0	3298.4118	3298	672.38755	672
0	0	3301.4634	3301	673.3039	673
0	0	3302.7452	3303	674.2762	674
0	0	3303.8432	3304	673.8137	674
0	0	3305.1128	3305	672.60905	673
0	0	3309.201	3309	672.78335	673
0	0	3315.7624	3316	673.5245	674
0	0	3325.1474	3325	674.44475	674
0	0	3335.8992	3336	676.1602	676
0	0	3346.878	3347	674.94975	675
0	0	3356.5712	3357	673.7393	674
0	0	3365.2124	3365	675.0288	675
0	0	3372.782	3373	675.8133	676
0	0	3379.4632	3379	677.36875	677
0	0	3384.4152	3384	676.7087	677
0	0	3388.406	3388	675.334	675
0	0	3390.6888	3391	675.3405	675
0	0	3392.348	3392	677.4958	677
0	0	3392.7316	3393	678.68165	679
0	0	3392.7624	3393	678.05205	678
0	0	3392.1672	3392	677.1621	677
0	0	3391.3556	3391	676.76125	677
0	0	3391.1876	3391	677.81655	678
0	0	3390.492	3390	679.3713	679
0	0	3390.4684	3390	679.5507	680
0	0	3390.0192	3390	678.34605	678
0	0	3389.9156	3390	677.5603	678
0	0	3389.9312	3390	677.2938	677
0	0	3390.1544	3390	677.268	677
0	0	3389.7448	3390	678.43705	678
0	0	3389.9932	3390	677.684	678
0	0	3389.6144	3390	676.58405	677
0	0	3389.6976	3390	675.55305	676
0	0	3390.0348	3390	676.40795	676
0	0	3389.938	3390	676.7904	677
0	0	3390.34	3390	677.9602	678
0	0	3390.8348	3391	676.36775	676
0	0	3391.326	3391	673.86785	674
0	0	3391.464	3391	674.78295	675
0	0	3391.3856	3391	676.30415	676
0	0	3391.682	3392	677.23635	677
0	0	3392.5028	3393	676.44145	676
0	0	3392.6972	3393	674.91755	675
0	0	3393.1444	3393	674.68325	675
0	0	3393.2372	3393	675.9034	676
0	0	3393.772	3394	677.2217	677
0	0	3394.1052	3394	678.03955	678
0	0	3394.7552	3395	677.282	677
0	0	3396.5216	3397	676.0883	676
0	0	3397.192	3397	675.8015	676
0	0	3397.4456	3397	676.4792	676
0	0	3398.3908	3398	676.7981	677
0	0	3399.3664	3399	676.28645	676
0	0	3400.3464	3400	674.322	674
0	0	3400.6708	3401	673.13085	673
0	0	3400.9232	3401	674.36595	674
0	0	3400.1976	3400	673.9964	674
0	0	3399.49	3399	674.64705	675
0	0	3398.8368	3399	674.11405	674
0	0	3398.1976	3398	672.7624	673
0	0	3397.4996	3397	672.72755	673
0	0	3396.4448	3396	673.6393	674
0	0	3395.8	3396	673.1678	673
0	0	3394.788	3395	672.6759	673
0	0	3393.018	3393	671.7975	672
0	0	3391.9844	3392	670.9459	671
0	0	3389.9872	3390	672.75615	673
0	0	3389.1296	3389	673.9224	674
0	0	3388.0748	3388	674.1671	674
0	0	3387.15	3387	672.4253	672
0	0	3385.9716	3386	672.7245	673
0	0	3385.2268	3385	672.6668	673
0	0	3386.1536	3386	673.60005	674
0	0	3386.784	3387	674.35595	674
0	0	3388.4548	3388	674.1783	674
0	0	3389.9084	3390	671.79445	672
0	0	3391.2656	3391	672.3235	672
0	0	3393.0252	3393	673.422	673
0	0	3394.2704	3394	673.0218	673
0	0	3395.8288	3396	673.31755	673
0	0	3396.8312	3397	672.1172	672
0	0	3397.5932	3398	671.40485	671
0	0	3398.7104	3399	672.8379	673
0	0	3399.5552	3400	675.37865	675
0	0	3400.4096	3400	675.6567	676
0	0	3400.8116	3401	675.5719	676
0	0	3401.8576	3402	674.4832	674
0	0	3402.7444	3403	673.4813	673
0	0	3402.7128	3403	675.9398	676
0	0	3402.3972	3402	676.97125	677
0	0	3402.8116	3403	678.0467	678
0	0	3402.9676	3403	676.6678	677
0	0	3402.7736	3403	676.39085	676
0	0	3402.3368	3402	676.98655	677
0	0	3401.9228	3402	678.5391	679
0	0	3400.9872	3401	678.69665	679
0	0	3399.5492	3400	677.91425	678
0	0	3398.6748	3399	676.8505	677
0	0	3398.2464	3398	675.4489	675
0	0	3398.0892	3398	678.2436	678
0	0	3398.382	3398	678.62725	679
0	0	3398.5192	3399	679.2881	679
0	0	3398.5004	3399	677.43335	677
0	0	3399.8256	3400	677.21095	677
0	0	3400.3084	3400	677.34075	677
0	0	3400.4496	3400	677.446	677
0	0	3400.844	3401	678.20115	678
0	0	3401.6236	3402	677.2829	677
0	0	3401.8748	3402	676.35905	676
0	0	3402.1984	3402	675.8208	676
0	0	3402.6708	3403	677.5548	678
0	0	3403.2828	3403	677.6994	678
0	0	3404.1888	3404	677.73645	678
0	0	3405.0932	3405	675.29645	675
0	0	3405.1852	3405	673.8701	674
0	0	3405.5496	3406	675.1148	675
0	0	3405.6352	3406	677.17305	677
0	0	3405.8744	3406	677.6001	678
0	0	3406.6684	3407	676.08605	676
0	0	3406.1812	3406	676.28965	676
0	0	3405.6664	3406	675.4246	675
0	0	3404.87	3405	677.72395	678
0	0	3404.2344	3404	678.67635	679
0	0	3403.2296	3403	679.58775	680
0	0	3402.236	3402	678.4161	678
0	0	3401.1612	3401	679.067	679
0	0	3399.6104	3400	680.3842	680
0	0	3398.264	3398	682.11115	682
0	0	3396.694	3397	684.79005	685
0	0	3395.702	3396	684.54995	685
0	0	3394.4484	3394	684.8254	685
0	0	3393.0436	3393	686.18855	686
0	0	3391.6052	3392	690.4427	690
0	0	3390.73	3391	692.0285	692
0	0	3390.1312	3390	693.4731	693
0	0	3389.936	3390	693.79315	694
0	0	3389.758	3390	691.1724	691
0	0	3390.0536	3390	692.4196	692
0	0	3390.4232	3390	693.58985	694
0	0	3390.7228	3391	691.68775	692
0	0	3391.4552	3391	685.5671	686
0	0	3392.3888	3392	679.24935	679
0	0	3393.5448	3394	671.0919	671
0	0	3394.8508	3395	659.5844	660
0	0	3395.8192	3396	644.91335	645
0	0	3396.4332	3396	626.7698	627
0	0	3396.6508	3397	604.5435	605
0	0	3397.4472	3397	578.9903	579
0	0	3398.322	3398	551.9821	552
0	0	3399.1908	3399	521.5155	522
0	0	3399.6344	3400	490.37755	490
0	0	3399.5936	3400	456.9158	457
0	0	3399.4804	3399	422.2918	422
0	0	3399.8788	3400	388.736325	389
0	0	3399.6216	3400	355.746375	356
0	0	3399.6136	3400	323.12455	323
0	0	3398.8168	3399	291.30085	291
0	0	3398.3512	3398	260.61365	261
0	0	3397.704	3398	231.83705	232
0	0	3397.18	3397	206.437988	206
0	0	3397.1756	3397	184.274763	184
0	0	3398.062	3398	163.882563	164
0	0	3397.76	3398	145.994875	146
0	0	3397.3256	3397	130.69585	131
0	0	3396.4932	3396	117.363638	117
0	0	3394.9692	3395	106.464538	106
0	0	3394.3048	3394	97.336275	97
0	0	3393.5768	3394	89.122375	89
0	0	3392.3172	3392	81.789119	82
0	0	3391.9864	3392	74.969188	75
0	0	3391.7088	3392	69.835038	70
0	0	3391.944	3392	65.676375	66
0	0	3393.0544	3393	61.677863	62
0	0	3393.1144	3393	58.879063	59
0	0	3394.232	3394	56.242038	56
0	0	3394.9076	3395	52.99605	53
0	0	3394.9652	3395	50.656797	51
0	0	3396.4916	3396	48.812	49
0	0	3397.338	3397	47.147716	47
0	0	3397.0736	3397	45.87965	46
0	0	3397.6292	3398	44.542516	45
0	0	3396.6496	3397	43.769431	44
0	0	3396.256	3396	43.143234	43
0	0	3395.1376	3395	42.366016	42
0	0	3392.7412	3393	42.636472	43
0	0	3391.67	3392	42.805538	43
0	0	3389.3128	3389	42.862481	43
0	0	3387.4332	3387	42.998606	43
0	0	3385.5308	3386	42.918869	43
0	0	3382.7496	3383	43.334281	43
0	0	3380.2172	3380	44.230769	44
0	0	3377.476	3377	45.326922	45
0	0	3373.7652	3374	47.454806	47
0	0	3369.7792	3370	49.098394	49
0	0	3365.4008	3365	50.479697	50
0	0	3360.1044	3360	51.798553	52
0	0	3354.5544	3355	54.326825	54
0	0	3347.5688	3348	57.244725	57
0	0	3339.3006	3339	60.248225	60
0	0	3331.1634	3331	63.341063	63
0	0	3321.6722	3322	66.716256	67
0	0	3311.5444	3312	70.080169	70
0	0	3300.2608	3300	73.474931	73
0	0	3288.191	3288	77.764688	78
0	0	3275.9546	3276	81.619388	82
0	0	3262.4332	3262	84.451694	84
0	0	3248.1106	3248	87.515869	88
0	0	3231.6196	3232	90.86785	91
0	0	3214.7518	3215	93.39295	93
0	0	3197.1888	3197	96.378288	96
0	0	3180.0224	3180	99.336413	99
0	0	3163.858	3164	101.462488	101
0	0	3147.2546	3147	103.844613	104
0	0	3130.0058	3130	105.544138	106
0	0	3115.1746	3115	108.02075	108
0	0	3100.3112	3100	110.1068	110
0	0	3086.212	3086	112.366488	112
0	0	3072.3514	3072	114.40685	114
0	0	3062.5446	3063	117.029538	117
0	0	3050.1208	3050	118.933925	119
0	0	3041.4576	3041	120.836475	121
0	0	3032.9104	3033	122.847538	123
0	0	3026.6574	3027	124.8965	125
0	0	3020.3226	3020	126.78615	127
0	0	3013.7412	3014	127.846775	128
0	0	3006.8602	3007	129.295888	129
0	0	3003.5164	3004	131.29965	131
0	0	2999.888	3000	132.472713	132
0	0	2998.8494	2999	133.8329	134
0	0	2998.2678	2998	136.07465	136
0	0	2998.2966	2998	136.940463	137
0	0	2999.1202	2999	138.761775	139
0	0	2998.987	2999	140.307038	140
0	0	3000.4996	3000	141.1087	141
0	0	3001.2344	3001	141.85805	142
0	0	3004.1796	3004	142.445013	142
0	0	3007.4258	3007	143.98045	144
0	0	3011.2746	3011	145.214163	145
0	0	3014.9226	3015	145.53345	146
0	0	3019.707	3020	146.2121	146
0	0	3022.7126	3023	148.181788	148
0	0	3025.8372	3026	149.867263	150
0	0	3029.8082	3030	151.612488	152
0	0	3033.1542	3033	153.386113	153
0	0	3038.775	3039	153.89275	154
0	0	3042.8076	3043	155.153125	155
0	0	3047.694	3048	156.434	156
0	0	3051.5322	3052	158.721538	159
0	0	3055.531	3056	161.16445	161
0	0	3058.56	3059	162.243175	162
0	0	3061.7836	3062	163.796963	164
0	0	3065.0948	3065	166.005525	166
0	0	3067.4566	3067	167.934463	168
0	0	3072.3798	3072	170.1369	170
0	0	3076.2776	3076	171.930888	172
0	0	3080.2346	3080	173.084013	173
0	0	3083.3802	3083	175.328038	175
0	0	3086.0476	3086	177.0457	177
0	0	3089.0984	3089	179.237	179
0	0	3092.9794	3093	182.031963	182
0	0	3096.293	3096	184.025875	184
0	0	3100.497	3100	186.200963	186
0	0	3105.5324	3106	188.272763	188
0	0	3109.1412	3109	190.300938	190
0	0	3113.444	3113	191.773738	192
0	0	3117.3796	3117	193.536713	194
0	0	3120.6474	3121	195.284713	195
0	0	3125.1242	3125	197.340613	197
0	0	3128.9304	3129	199.265888	199
0	0	3133.9036	3134	201.325363	201
0	0	3137.1318	3137	203.363538	203
0	0	3141.2266	3141	204.42445	204
0	0	3144.8934	3145	205.9538	206
0	0	3148.9634	3149	208.512575	209
0	0	3151.7902	3152	210.245175	210
0	0	3155.1298	3155	213.028575	213
0	0	3159.085	3159	215.09315	215
0	0	3162.5186	3163	216.135425	216
0	0	3166.91	3167	218.0397	218
0	0	3170.7768	3171	220.69215	221
0	0	3174.1888	3174	223.040625	223
0	0	3177.4926	3177	225.9829	226
0	0	3179.3688	3179	228.546125	229
0	0	3182.4986	3182	230.75235	231
0	0	3185.2036	3185	233.2794	233
0	0	3187.5744	3188	236.4763	236
0	0	3189.475	3189	240.0958	240
0	0	3190.7548	3191	243.4976	243
0	0	3191.6412	3192	247.03305	247
0	0	3192.059	3192	250.746775	251
0	0	3193.2776	3193	254.594875	255
0	0	3192.2644	3192	259.54185	260
0	0	3191.7138	3192	265.918875	266
0	0	3190.4182	3190	270.0743	270
0	0	3189.7886	3190	275.310175	275
0	0	3189.0384	3189	281.26125	281
0	0	3189.561	3190	287.031625	287
0	0	3189.684	3190	294.6556	295
0	0	3189.344	3189	302.311025	302
0	0	3190.4182	3190	309.601925	310
0	0	3192.9384	3193	316.817525	317
0	0	3198.5002	3199	325.592175	326
0	0	3203.915	3204	334.13965	334
0	0	3211.471	3211	343.193125	343
0	0	3217.6814	3218	352.186425	352
0	0	3225.4516	3225	361.210975	361
0	0	3231.5058	3232	370.0409	370
0	0	3239.5098	3240	379.87315	380
0	0	3247.5928	3248	389.7972	390
0	0	3254.72	3255	398.995725	399
0	0	3261.243	3261	406.7065	407
0	0	3267.3666	3267	414.762275	415
0	0	3272.3266	3272	421.92745	422
0	0	3275.8248	3276	428.6012	429
0	0	3275.7878	3276	435.35695	435
0	0	3272.1582	3272	440.26915	440
0	0	3262.0478	3262	444.608	445
0	0	3240.9786	3241	448.87245	449
0	0	3214.9226	3215	453.38665	453
0	0	3182.197	3182	457.11315	457
0	0	3153.7994	3154	459.7416	460
0	0	3131.5274	3132	460.64065	461
0	0	3115.6968	3116	461.1589	461
0	0	3118.5142	3119	462.5387	463
0	0	3125.6062	3126	463.3063	463
0	0	3140.3508	3140	463.8681	464
0	0	3156.404	3156	463.84315	464
0	0	3174.2574	3174	463.7629	464
0	0	3187.2282	3187	462.40795	462
0	0	3196.6148	3197	462.4504	462
0	0	3199.0378	3199	462.3348	462
0	0	3195.4004	3195	461.32115	461
0	0	3183.6442	3184	460.23015	460
0	0	3165.7116	3166	460.0164	460
0	0	3142.986	3143	459.82325	460
0	0	3120.6186	3121	459.62685	460
0	0	3095.6608	3096	461.0977	461
0	0	3069.5052	3070	461.7791	462
0	0	3039.1192	3039	462.69105	463
0	0	3007.5266	3008	464.85975	465
0	0	2973.8564	2974	467.2864	467
0	0	2940.0136	2940	469.98195	470
0	0	2899.571	2900	473.5254	474
0	0	2859.4124	2859	476.52555	477
0	0	2816.1238	2816	479.6057	480
0	0	2774.83	2775	484.3306	484
0	0	2730.5422	2731	488.11775	488
0	0	2684.9592	2685	492.46535	492
0	0	2638.0568	2638	496.3869	496
0	0	2590.5162	2591	500.67335	501
0	0	2547.538	2548	503.9954	504
0	0	2503.1154	2503	509.79625	510
0	0	2460.6136	2461	514.92495	515
0	0	2419.9566	2420	518.0992	518
0	0	2378.8348	2379	521.2603	521
0	0	2337.0962	2337	525.77085	526
0	0	2298.9178	2299	527.79435	528
0	0	2259.8732	2260	533.0434	533
0	0	2222.1172	2222	538.58515	539
0	0	2184.5646	2185	540.84395	541
0	0	2146.2874	2146	543.12355	543
0	0	2110.3626	2110	546.72005	547
0	0	2074.2236	2074	549.9232	550
0	0	2039.2612	2039	552.81775	553
0	0	2004.0116	2004	557.4424	557
0	0	1969.4592	1969	559.6183	560
0	0	1934.8018	1935	561.9208	562
0	0	1900.6894	1901	566.3058	566
0	0	1867.0484	1867	569.17765	569
0	0	1834.3492	1834	571.42385	571
0	0	1801.4328	1801	574.2033	574
0	0	1769.1904	1769	576.52465	577
0	0	1736.2042	1736	578.045	578
-1	-1	1702.9354	1703	582.1464	582
0.748954	1	1670.9075	1671	585.82855	586
1.492147	1	1639.0249	1639	588.4311	588
2.243982	2	1607.8101	1608	590.9792	591
2.998697	3	1576.666	1577	594.83305	595
3.73901	4	1546.9196	1547	598.53475	599
4.513889	5	1517.6147	1518	601.51305	602
5.262843	5	1488.7979	1489	606.1056	606
6.014677	6	1460.2463	1460	608.53545	609
6.75499	7	1432.6394	1433	611.88365	612
7.512585	8	1405.0979	1405	616.1158	616
8.250017	8	1379.0692	1379	620.7638	621
9.022016	9	1353.516	1354	624.0586	624
9.756567	10	1328.7679	1329	628.36745	628
10.514163	11	1304.5021	1305	630.3776	630
11.268879	11	1280.5366	1281	633.1059	633
12.020714	12	1256.2645	1256	637.88575	638
12.766788	13	1233.1041	1233	641.7875	642
13.518622	14	1209.7743	1210	645.8279	646
14.261816	14	1186.2971	1186	648.99055	649
15.005009	15	1164.4706	1164	653.1823	653
15.759725	16	1143.781	1144	657.28765	657
16.514441	17	1123.0725	1123	660.963	661
17.269156	17	1103.4587	1103	665.61005	666
18.009469	18	1083.7515	1084	669.09405	669
18.772825	19	1063.6187	1064	671.66615	672
19.495855	19	1043.9811	1044	675.65955	676
20.270734	20	1025.3945	1025	680.7542	681
21.011047	21	1007.0095	1007	684.85085	685
21.765763	22	989.2776	989	689.54905	690
22.514717	23	972.1949	972	692.44475	692
23.263672	23	955.5079	956	696.01025	696
24.032791	24	939.4114	939	699.6883	700
24.767342	25	923.3531	923	704.9775	705
25.530698	26	907.386	907	709.73175	710
26.268131	26	891.7926	892	714.47265	714
27.019966	27	875.912	876	719.04285	719
27.768922	28	860.5886	861	723.0747	723
28.526519	29	846.6367	847	728.97045	729
29.275472	29	832.41565	832	733.75605	734
30.015784	30	819.11665	819	738.30235	738
30.7705	31	805.4044	805	741.7349	742
31.510813	32	791.53755	792	746.88525	747
32.27705	32	778.48535	778	752.66705	753
33.002956	33	765.94305	766	757.3703	757
33.766313	34	753.84385	754	763.64995	764
34.500863	35	742.0935	742	768.66645	769
35.272863	35	730.5857	731	772.2198	772
35.995891	36	719.12435	719	776.588	777
36.770772	37	708.09065	708	782.60625	783
37.490919	37	697.50335	698	786.41105	786
38.262916	38	687.1276	687	790.71295	791
38.994591	39	676.61335	677	793.31745	793
39.757947	40	666.1168	666	796.83705	797
40.5069	41	655.9046	656	801.35795	801
41.267381	41	646.49275	646	805.9099	806
42.007691	42	637.16905	637	811.00695	811
42.771047	43	627.7069	628	813.4656	813
43.517122	44	618.1626	618	816.5371	817
44.263194	44	608.99165	609	819.85505	820
45.015031	45	600.24325	600	826.19255	826
45.766866	46	591.73695	592	830.35595	830
46.538866	47	583.47695	583	834.41825	834
47.267653	47	574.5963	575	837.4588	837
48.036775	48	567.493	567	842.2216	842
48.768447	49	559.5093	560	849.1195	849
49.543328	50	551.77245	552	854.0167	854
50.272119	50	544.48565	544	861.2335	861
51.032597	51	536.9633	537	866.7891	867
51.775788	52	530.11025	530	872.7092	873
52.5305	53	523.23925	523	878.2944	878
53.293863	53	516.74375	517	886.3485	886
54.014013	54	509.60245	510	893.5622	894
54.791769	55	503.46795	503	900.0353	900
55.520563	56	497.14905	497	906.2286	906
56.278156	56	490.72075	491	912.7451	913
57.027113	57	484.4838	484	921.0335	921
57.787588	58	478.58185	479	928.4271	928
58.533663	59	472.36125	472	936.9759	937
59.291256	59	466.3626	466	942.2304	942
60.031569	60	460.5137	461	948.7565	949
60.777644	61	454.96605	455	955.3628	955
61.520838	62	450.1325	450	965.0837	965
62.275556	62	444.2673	444	973.7478	974
62.275556	62	439.3665	439	979.2156	979
63.770581	64	434.82685	435	986.2347	986
64.528175	65	430.4497	430	993.7801	994
65.277131	65	425.3242	425	1001.0318	1001
66.026088	66	420.5726	421	1008.2657	1008
66.763513	67	416.563775	417	1016.2651	1016
67.523988	68	412.456625	412	1020.2847	1020
68.258538	68	408.08985	408	1025.4105	1025
69.021894	69	403.802775	404	1034.0924	1034
69.776613	70	399.730225	400	1042.3248	1042
70.522681	71	395.881475	396	1049.123	1049
71.283156	71	392.853975	393	1054.8997	1055
72.026344	72	390.031675	390	1060.9888	1061
72.769538	73	387.19565	387	1065.9409	1066
73.532888	74	384.938475	385	1073.8221	1074
73.532888	74	382.540125	383	1081.7859	1082
75.033675	75	380.45745	380	1087.7166	1088
75.776869	76	378.450525	378	1093.0704	1093
76.528713	77	376.454925	376	1100.5271	1101
77.269019	77	374.52845	375	1107.7469	1108
78.029494	78	373.558025	374	1114.5349	1115
78.758288	79	372.871975	373	1123.4933	1123
79.521644	80	373.6363	374	1128.3795	1128
80.259081	80	373.915375	374	1134.8573	1135
81.016675	81	374.30145	374	1142.3743	1142
81.771394	82	375.394175	375	1154.203	1154
82.52035	83	376.63925	377	1162.8544	1163
82.52035	83	378.6078	379	1171.5419	1172
84.015381	84	381.182275	381	1179.5288	1180
84.764325	85	384.167625	384	1186.6683	1187
85.504638	86	387.195775	387	1196.5812	1197
86.268	86	390.308575	390	1206.2605	1206
87.005425	87	392.75995	393	1216.641	1217
87.771663	88	396.21555	396	1223.1392	1223
88.511969	89	398.5346	399	1230.2726	1230
89.269569	89	400.803	401	1239.3107	1239
90.009881	90	402.8204	403	1249.1815	1249
90.770356	91	404.46455	404	1256.697	1257
90.770356	91	405.816225	406	1264.9746	1265
92.253863	92	406.311125	406	1271.0194	1271
93.011456	93	406.681975	407	1274.8958	1275
93.763288	94	406.462375	406	1284.4454	1284
94.520888	95	404.5445	405	1293.4108	1293
95.261206	95	401.751	402	1303.3627	1303
95.261206	95	398.5483	399	1309.2438	1309
96.764869	97	395.4641	395	1315.1573	1315
97.522463	98	391.815925	392	1322.3274	1322
98.262769	98	388.420875	388	1332.4551	1332
99.034775	99	384.82085	385	1341.5786	1342
99.406375	99	380.374875	380	1347.5387	1348
100.5298	101	375.73365	376	1356.7764	1357
101.261469	101	371.704225	372	1364.2589	1364
102.019069	102	367.980375	368	1376.6997	1377
102.019069	102	364.754125	365	1388.7467	1389
103.519856	104	361.9508	362	1401.5146	1402
104.268813	104	359.400125	359	1411.2469	1411
105.014888	105	357.53405	358	1420.8099	1421
105.769613	106	355.692575	356	1434.2161	1434
106.509913	107	354.800975	355	1450.4949	1450
107.2848	107	354.1688	354	1466.8008	1467
107.996313	108	353.946675	354	1479.5386	1480
108.7683	109	354.136775	354	1493.2462	1493
109.497088	109	354.390775	354	1506.5793	1507
110.2691	110	355.8565	356	1523.1292	1523
111.006525	111	357.313725	357	1537.6245	1538
111.772763	112	359.4441	359	1551.8958	1552
112.4958	112	361.449675	361	1563.6455	1564
113.276438	113	363.724225	364	1576.9828	1577
114.005225	114	366.0666	366	1593.5858	1594
114.774338	115	368.523925	369	1609.6844	1610
115.517538	116	371.524375	372	1625.2144	1625
116.263613	116	375.244725	375	1637.5135	1638
117.032725	117	379.378225	379	1647.746	1648
117.761525	118	383.20635	383	1659.7041	1660
118.542163	119	386.627125	387	1677.5902	1678
119.27095	119	390.02795	390	1691.358	1691
120.0343	120	394.1326	394	1703.0998	1703
120.771738	121	398.097375	398	1712.1408	1712
121.523575	122	402.52885	403	1725.444	1725
122.272525	122	407.30835	407	1737.9996	1738
123.024363	123	412.09975	412	1750.7696	1751
123.78195	124	416.760775	417	1767.6732	1768
124.510738	125	422.00625	422	1778.6052	1779
125.2885	125	426.75505	427	1784.9202	1785
126.011525	126	431.8516	432	1799.5752	1800
126.783525	127	437.22975	437	1816.1358	1816
127.512313	128	442.50605	443	1827.08	1827
128.27855	128	448.2199	448	1840.0546	1840
129.015975	129	454.1981	454	1849.1842	1849
129.779325	130	460.28045	460	1857.5892	1858
130.51675	131	466.59715	467	1870.1172	1870
131.277238	131	472.6737	473	1883.615	1884
132.014663	132	479.06565	479	1896.888	1897
132.7665	133	485.46315	485	1907.4194	1907
133.512575	134	492.3851	492	1914.9096	1915
134.267288	134	498.9419	499	1921.8168	1922
135.027775	135	506.17295	506	1937.6314	1938
135.773838	136	514.30005	514	1952.2014	1952
136.52855	137	521.613	522	1960.983	1961
137.268863	137	529.3965	529	1966.4462	1966
138.023575	138	537.13115	537	1979.0812	1979
138.766775	139	544.7462	545	1994.7958	1995
139.530125	140	552.5144	553	2007.9844	2008
140.281963	140	561.4766	561	2025.5074	2026
141.025163	141	570.34605	570	2036.721	2037
141.774113	142	579.52025	580	2044.1838	2044
142.537475	143	587.96135	588	2060.7588	2061
143.286438	143	597.1187	597	2080.6044	2081
144.038275	144	606.1461	606	2097.1396	2097
144.769938	145	615.3683	615	2109.2132	2109
145.530425	146	625.1983	625	2123.2824	2123
146.279388	146	634.8906	635	2140.6086	2141
147.031238	147	643.9814	644	2154.593	2155
147.7802	148	654.6449	655	2172.8804	2173
148.523388	149	665.3924	665	2191.5928	2192
149.275225	149	676.45775	676	2198.55	2199
150.0213	150	687.5207	688	2206.0752	2206
150.7645	151	697.85175	698	2222.5608	2223
151.519213	152	709.5899	710	2234.904	2235
152.276813	152	720.6178	721	2244.282	2244
153.022888	153	732.6004	733	2241.4184	2241
153.768963	154	744.8762	745	2233.319	2233
154.517925	155	758.57975	759	2220.2084	2220
155.266888	155	771.19965	771	2207.8686	2208
156.012975	156	783.9116	784	2192.5834	2193
156.75905	157	797.70835	798	2166.8226	2167
157.508013	158	812.30375	812	2140.2962	2140
158.262725	158	826.17605	826	2114.8996	2115
159.020325	159	840.8826	841	2106.7986	2107
159.760638	160	856.3649	856	2102.7568	2103
160.521113	161	872.3055	872	2102.0928	2102
161.258563	161	888.9073	889	2098.815	2099
162.007525	162	905.2949	905	2091.47	2091
162.756488	163	922.1788	922	2088.0104	2088
163.51985	164	938.4448	938	2076.1684	2076
164.26305	164	955.8703	956	2070.1862	2070
165.023525	165	973.615	974	2057.2006	2057
165.763838	166	992.3281	992	2031.6526	2032
166.515688	167	1012.6657	1013	2014.1086	2014
167.261763	167	1032.2291	1032	2012.1778	2012
168.016475	168	1052.3755	1052	2010.464	2010
168.7712	169	1072.4342	1072	2015.1458	2015
169.514388	170	1093.3116	1093	2009.568	2010
170.271988	170	1114.3224	1114	1991.1	1991
171.0123	171	1137.2112	1137	1969.831	1970
171.7699	172	1157.951	1158	1934.763	1935
172.513088	173	1181.1703	1181	1874.678	1875
173.264938	173	1205.5679	1206	1790.249	1790
174.011013	174	1229.58	1230	1683.8616	1684
174.765738	175	1254.5298	1255	1559.5879	1560
0.374481	0	1279.4591	1279	1431.1561	1431
1.1436	1	1305.0319	1305	1305.1163	1305
1.878143	2	1331.2058	1331	1182.7941	1183
2.632873	3	1358.0366	1358	1071.3232	1071
3.376068	3	1385.9996	1386	973.5219	974
4.127899	4	1415.9197	1416	892.0626	892
4.871094	5	1444.965	1445	822.0307	822
5.625809	6	1475.0916	1475	763.5648	764
6.36612	6	1505.1641	1505	713.14745	713
7.129486	7	1536.6228	1537	668.9394	669
7.869797	8	1568.2544	1568	633.91085	634
8.630264	9	1599.936	1600	606.37775	606
9.376343	9	1633.748	1634	582.88595	583
10.119538	10	1668.3258	1668	562.4575	562
10.874252	11	1703.1138	1703	544.5606	545
11.614578	12	1739.2322	1739	529.5141	530
12.386581	12	1776.278	1776	517.77635	518
13.124008	13	1811.585	1812	508.50885	509
13.901764	14	1849.7738	1850	500.29215	500
14.624786	15	1887.6966	1888	492.5566	493
15.393906	15	1926.4444	1926	484.8308	485
16.1371	16	1966.0598	1966	478.0229	478
16.883178	17	2006.8482	2007	472.7685	473
17.640778	18	2048.337	2048	468.6625	469
18.386841	18	2089.9826	2090	464.42655	464
19.150208	19	2131.956	2132	459.07555	459
19.87323	20	2174.0342	2174	455.1812	455
20.648117	21	2216.3776	2216	452.37675	452
21.371155	21	2259.2856	2259	450.29515	450
22.148911	22	2304.1514	2304	448.22905	448
22.874833	23	2349.1626	2349	446.2055	446
23.643952	24	2393.9516	2394	443.5164	444
24.375625	24	2438.9306	2439	441.0983	441
25.141877	25	2483.324	2483	440.0996	440
25.88507	26	2528.6124	2529	439.1306	439
26.639784	27	2571.056	2571	438.0258	438
27.382981	27	2613.445	2613	436.62085	437
28.129044	28	2655.6806	2656	435.94285	436
28.886644	29	2697.9012	2698	435.5137	436
29.638488	30	2737.9196	2738	436.08605	436
30.390319	30	2780.455	2780	436.7297	437
31.130631	31	2820.9886	2821	436.59105	437
31.888228	32	2864.1606	2864	436.1887	436
32.631425	33	2909.4002	2909	437.09285	437
33.389022	33	2956.2238	2956	438.5252	439
34.140869	34	3000.2612	3000	439.9354	440
34.889831	35	3041.1516	3041	440.95765	441
35.641678	36	3077.2126	3077	440.7357	441
36.399278	36	3107.4722	3107	441.4959	441
37.136703	37	3135.0922	3135	443.19165	443
37.900069	38	3155.4646	3155	445.4252	445
38.643266	39	3168.9664	3169	448.2944	448
39.397981	39	3172.1724	3172	450.1285	450
40.135422	40	3165.5496	3166	450.59405	451
40.895903	41	3147.6548	3148	452.1112	452
41.644853	42	3136.01	3136	454.83	455
42.390931	42	3129.2478	3129	455.7123	456
43.145644	43	3132.2706	3132	457.17695	457
43.883088	44	3144.1292	3144	458.49335	458
44.640688	45	3159.5144	3160	459.7496	460
45.386766	45	3175.6768	3176	461.90715	462
46.147247	46	3188.898	3189	464.41475	464
46.881791	47	3195.5372	3196	466.73595	467
47.639388	48	3190.975	3191	468.02605	468
48.385469	48	3173.7896	3174	468.5311	469
49.134431	49	3147.5694	3148	469.0902	469
49.883394	50	3112.271	3112	472.233	472
50.640991	51	3082.2894	3082	474.35875	474
51.37555	51	3048.0244	3048	476.59055	477
52.121613	52	3016.0396	3016	478.2083	478
52.867694	53	2985.3818	2985	479.5887	480
53.622419	54	2957.289	2957	482.7268	483
54.382906	54	2929.154	2929	485.2587	485
55.137619	55	2898.7348	2899	487.95955	488
55.877931	56	2867.1652	2867	490.0672	490
56.626894	57	2834.3338	2834	491.7844	492
57.378725	57	2800.29	2800	494.42535	494
58.121919	58	2765.9946	2766	497.9445	498
58.8824	59	2732.4152	2732	500.50505	501
59.642881	60	2696.4362	2696	502.60905	503
60.386075	60	2661.793	2662	504.7533	505
60.386075	60	2625.0222	2625	505.67015	506
61.883988	62	2589.4582	2589	507.8328	508
62.644469	63	2552.841	2553	511.2145	511
63.390531	63	2514.9312	2515	513.8137	514
64.133725	64	2477.9344	2478	516.1491	516
64.882675	65	2439.5366	2440	518.4707	518
65.640275	66	2400.8748	2401	520.77125	521
65.640275	66	2363.1382	2363	523.02465	523
67.1353	67	2324.5918	2325	526.73995	527
67.884263	68	2284.729	2285	529.07935	529
67.884263	68	2244.1304	2244	530.6343	531
69.373538	69	2203.2454	2203	532.03375	532
70.125369	70	2163.3886	2163	536.5073	537
70.880081	71	2123.1548	2123	539.6009	540
71.634794	72	2084.3952	2084	542.7967	543
71.634794	72	2045.7	2046	545.0353	545
73.1183	73	2008.687	2009	546.17855	546
73.867263	74	1972.7164	1973	549.8846	550
74.630613	75	1935.6202	1936	553.4165	553
75.370925	75	1900.5722	1901	557.45735	557
76.122775	76	1863.7634	1864	560.4204	560
76.871738	77	1827.5084	1828	564.29055	564
76.871738	77	1792.1018	1792	568.03535	568
78.372525	78	1757.0726	1757	572.2486	572
79.130125	79	1723.5888	1724	576.77135	577
79.130125	79	1690.0468	1690	580.63485	581
80.62515	81	1656.9678	1657	584.21425	584
81.36835	81	1623.6938	1624	586.95345	587
82.125944	82	1591.642	1592	591.81225	592
82.874875	83	1558.6599	1559	597.2679	597
83.623813	84	1527.6044	1528	602.88695	603
84.392944	84	1496.5393	1497	605.6684	606
85.118838	85	1466.2368	1466	609.7514	610
85.887938	86	1437.1218	1437	614.0886	614
86.625369	87	1408.1687	1408	618.36175	618
87.394469	87	1379.3167	1379	622.573	623
88.137631	88	1351.0764	1351	627.0341	627
88.892331	89	1323.8118	1324	629.7776	630
89.632631	90	1297.2775	1297	631.8398	632
89.632631	90	1272.3948	1272	636.0602	636
91.133425	91	1247.5997	1248	640.3087	640
91.879488	92	1224.5057	1225	643.81005	644
92.645719	93	1201.9396	1202	646.28615	646
93.374513	93	1180.7209	1181	648.43175	648
94.134981	94	1159.2639	1159	651.15965	651
94.878144	95	1138.6537	1139	654.87925	655
95.64725	96	1118.3495	1118	659.07215	659
96.376038	96	1097.5231	1098	662.3984	662
97.142275	97	1077.7037	1078	665.6826	666
97.868163	98	1057.97	1058	667.74285	668
98.637269	99	1039.2856	1039	671.44165	671
99.371825	99	1020.8613	1021	675.54775	676
99.371825	99	1001.5576	1002	679.5836	680
100.86685	101	983.1816	983	682.86275	683
101.635956	102	965.5271	966	686.5188	687
101.635956	102	947.4269	947	690.55015	691
103.13385	103	929.7158	930	694.56555	695
103.88855	104	913.3997	913	699.49805	699
104.637513	105	897.2938	897	704.23335	704
105.377838	105	880.9379	881	707.589	708
106.135413	106	864.4197	864	710.6271	711
106.895875	107	847.8599	848	715.7879	716
107.639063	108	832.0765	832	722.10815	722
108.402438	108	816.742	817	726.2876	726
109.142725	109	801.941	802	730.6129	731
109.897425	110	787.22225	787	734.03645	734
110.646363	111	773.45995	773	738.0395	738
111.398188	111	759.24255	759	743.562	744
112.144263	112	745.78645	746	749.44525	749
112.904725	113	732.67695	733	753.90065	754
113.64215	114	720.7383	721	758.53955	759
114.38535	114	709.078	709	763.08705	763
115.14295	115	697.34315	697	767.9005	768
115.897675	116	686.1079	686	773.1194	773
115.897675	116	675.7274	676	777.32665	777
117.384063	117	665.4992	665	780.8346	781
118.144525	118	656.4543	656	782.39595	782
118.144525	118	646.558	647	786.23065	786
119.6424	120	637.38195	637	790.3568	790
120.394225	120	628.74935	629	794.579	795
120.394225	120	620.3969	620	798.2589	798
121.880588	122	611.48145	611	800.46965	800
122.638188	123	603.86	604	802.88035	803
122.638188	123	596.1366	596	806.473	806
124.136075	124	588.5106	589	811.7031	812
124.890813	125	580.71355	581	815.29945	815
125.631138	126	572.888	573	819.3125	819
126.385838	126	565.47925	565	822.83305	823
127.129	127	557.7782	558	826.70475	827
127.875063	128	550.98035	551	832.52085	833
128.629788	129	543.9341	544	839.2219	839
129.384488	129	537.02655	537	844.7497	845
130.136325	130	529.9515	530	849.1872	849
130.882388	131	523.1407	523	854.3016	854
131.648625	132	516.3639	516	861.4943	861
132.38605	132	509.6147	510	871.0803	871
133.14075	133	502.8179	503	878.795	879
133.889675	134	496.0825	496	884.9439	885
134.632875	135	489.3868	489	889.7245	890
135.3847	135	483.21325	483	897.0369	897
136.1394	136	477.01275	477	903.3898	903
136.1394	136	471.70025	472	909.0957	909
137.631563	138	465.8772	466	915.8074	916
138.389125	138	460.2705	460	919.744	920
139.11215	139	455.11905	455	924.0925	924
139.88415	140	449.2064	449	931.3149	931
140.62735	141	444.0172	444	939.655	940
141.38205	141	438.5739	439	944.7704	945
141.38205	141	433.98485	434	951.6641	952
142.8771	143	429.1277	429	958.8678	959
143.617438	144	424.05345	424	967.1229	967
144.3779	144	419.39325	419	979.4894	979
145.123963	145	414.758525	415	994.2964	994
145.867163	146	410.034375	410	1006.19	1006
145.867163	146	405.2778	405	1016.1538	1016
147.362188	147	401.565	402	1029.0245	1029
148.114013	148	397.567625	398	1044.7498	1045
148.86875	149	393.729775	394	1059.4973	1059
149.634975	150	390.051125	390	1073.9728	1074
149.997925	150	386.351375	386	1085.6479	1086
151.132875	151	383.1446	383	1095.8248	1096
151.8703	152	380.0571	380	1108.4381	1108
152.6279	153	376.97625	377	1120.9749	1121
153.373988	153	374.370725	374	1128.3795	1128
154.140225	154	372.490275	372	1136.2074	1136
154.880525	155	370.4271	370	1141.068	1141
155.638088	156	368.4659	368	1143.325	1143
156.392788	156	366.507375	367	1147.9132	1148
157.133113	157	365.17095	365	1155.6697	1156
157.902225	158	364.208475	364	1159.5723	1160
158.628138	159	363.428825	363	1161.4635	1161
159.39725	159	363.17735	363	1163.4454	1163
160.134675	160	363.433625	363	1168.3706	1168
160.889375	161	364.471225	364	1174.4001	1174
160.889375	161	365.51165	366	1179.8842	1180
162.387238	162	367.39445	367	1185.2262	1185
163.136175	163	369.50945	370	1190.0131	1190
163.882238	164	371.61265	372	1195.0706	1195
164.6283	165	373.6762	374	1203.6871	1204
165.383	165	376.80775	377	1213.8065	1214
165.383	165	379.45425	379	1221.9731	1222
166.87225	167	382.807925	383	1227.2482	1227
167.644263	168	385.7644	386	1232.5409	1233
168.004338	168	388.269125	388	1238.458	1238
169.14215	169	391.16795	391	1248.101	1248
169.876713	170	393.196025	393	1258.3416	1258
170.645813	171	394.64875	395	1263.5465	1264
171.368838	171	395.755475	396	1268.3125	1268
172.132175	172	396.181875	396	1275.473	1275
172.878238	173	395.5573	396	1283.563	1284
173.641575	174	394.8614	395	1291.486	1291
173.641575	174	393.877725	394	1300.6436	1301
175.127963	175	391.250925	391	1306.8914	1307
175.876925	176	388.60325	389	1312.052	1312
176.62875	177	386.208625	386	1321.6821	1322
177.397863	177	382.828975	383	1336.0525	1336
178.135288	178	379.691475	380	1348.1525	1348
178.895788	179	375.9401	376	1358.6134	1359
179.627438	180	372.221425	372	1367.7068	1368
180.393675	180	368.36935	368	1377.8624	1378
181.136838	181	364.759175	365	1392.4585	1392
181.894438	182	361.83495	362	1408.5814	1409
182.637638	183	359.1063	359	1423.4009	1423
183.389463	183	356.326075	356	1433.0248	1433
183.389463	183	354.7341	355	1444.6899	1445
184.881563	185	353.3946	353	1457.5688	1458
185.6478	186	352.659575	353	1470.9707	1471
186.010738	186	352.434275	352	1481.6362	1482
187.145663	187	353.20175	353	1491.8052	1492
187.883088	188	354.0434	354	1496.7822	1497
188.640688	189	354.915125	355	1504.4436	1504
189.38385	189	356.16125	356	1515.1293	1515
190.147188	190	358.1506	358	1527.3547	1527
190.89325	191	360.25195	360	1536.4174	1536
191.63355	192	363.21405	363	1545.4879	1545
192.382513	192	366.38335	366	1554.0251	1554
193.131475	193	368.9205	369	1565.0603	1565
193.8833	194	371.345575	371	1579.5988	1580
194.635138	195	374.379925	374	1594.9849	1595
195.381225	195	378.1177	378	1607.3976	1607
196.130188	196	381.245325	381	1619.802	1620
196.887788	197	384.038725	384	1637.1996	1637
197.63385	198	387.82135	388	1656.4316	1656
198.382813	198	391.655275	392	1677.7496	1678
199.140413	199	395.810725	396	1703.397	1703
199.877838	200	399.84665	400	1724.6216	1725
200.632563	201	404.33575	404	1740.7634	1741
201.393038	201	408.531925	409	1769.8582	1770
202.1391	202	412.8208	413	1799.8252	1800
202.8938	203	417.3048	417	1822.7284	1823
203.639863	204	422.12685	422	1846.27	1846
204.391688	204	426.9727	427	1862.9486	1863
205.134888	205	431.15785	431	1876.2784	1876
205.89535	206	436.9179	437	1900.7152	1901
206.644313	207	442.0935	442	1920.6592	1921
207.390375	207	447.1157	447	1931.394	1931
208.139338	208	454.0537	454	1946.519	1947
208.8739	209	459.6635	460	1957.4302	1957
209.631475	210	465.1974	465	1967.6584	1968
210.386175	210	471.54985	472	1984.0532	1984
211.143775	211	477.79535	478	1999.083	1999
211.8697	212	483.9742	484	2007.6572	2008
212.638825	213	490.07905	490	2013.9322	2014
213.37625	213	496.81405	497	2025.955	2026
214.13385	214	503.9994	504	2040.5734	2041
214.87705	215	511.6295	512	2059.3846	2059
215.631775	216	518.86985	519	2077.5612	2078
216.360575	216	526.80465	527	2084.5544	2085
217.121025	217	534.0017	534	2091.5892	2092
217.864225	218	541.2414	541	2107.8872	2108
218.621825	219	549.60555	550	2117.2386	2117
219.376525	219	557.10045	557	2118.893	2119
220.116825	220	565.7414	566	2122.1132	2122
220.874425	221	574.42045	574	2115.6116	2116
221.620475	222	582.5205	583	2105.5352	2106
222.386725	222	590.51155	591	2110.4734	2110
223.10975	223	599.25435	599	2118.0432	2118
223.884625	224	608.90595	609	2110.345	2110
224.6134	225	619.1438	619	2108.7392	2109
225.39405	225	628.5265	629	2114.0786	2114
226.131475	226	637.48645	637	2114.5936	2115
226.891925	227	647.494	647	2122.3208	2122
227.6265	228	657.5802	658	2134.8896	2135
228.3841	228	668.4199	668	2140.5606	2141
229.1417	229	679.45015	679	2137.2038	2137
229.879125	230	690.4746	690	2144.0252	2144
230.651125	231	701.97435	702	2155.1402	2155
231.374175	231	712.6892	713	2161.5936	2162
232.151925	232	723.7383	724	2169.5506	2170
232.87785	233	736.058	736	2164.5456	2165
233.641175	234	748.8069	749	2155.002	2155
234.387275	234	760.8636	761	2146.6216	2147
235.133325	235	773.95955	774	2133.4534	2133
235.893825	236	787.1071	787	2111.3872	2111
236.62835	237	800.1367	800	2089.2934	2089
237.3975	237	814.5407	815	2061.7876	2062
238.11765	238	828.7979	829	2039.298	2039
238.889625	239	843.0162	843	2038.6612	2039
239.635675	240	858.0831	858	2050.0356	2050
240.39325	240	873.3773	873	2058.6188	2059
241.11915	241	889.0555	889	2061.1712	2061
241.88825	242	905.865	906	2070.1584	2070
242.63145	243	922.2706	922	2073.6382	2074
243.38615	243	939.6191	940	2071.6668	2072
244.14375	244	956.4615	956	2074.59	2075
244.881175	245	973.9938	974	2069.1176	2069
245.641625	246	992.1749	992	2066.0252	2066
246.38195	246	1010.8716	1011	2080.09	2080
247.142425	247	1029.7561	1030	2107.023	2107
247.882725	248	1049.6223	1050	2137.9986	2138
248.64605	249	1070.324	1070	2166.3088	2166
249.386375	249	1092.4124	1092	2182.6702	2183
250.143975	250	1113.584	1114	2180.0228	2180
250.89005	251	1134.413	1134	2160.3484	2160
251.639	252	1155.7844	1156	2116.362	2116
252.399475	252	1177.4553	1177	2036.3532	2036
253.139775	253	1200.4589	1200	1927.686	1928
253.8916	254	1225.3716	1225	1795.5954	1796
254.637675	255	1249.2008	1249	1652.6622	1653
255.3924	255	1273.1326	1273	1510.4963	1510
0.380249	0	1298.1274	1298	1374.392	1374
1.134949	1	1324.4132	1324	1246.3275	1246
1.875275	2	1351.0746	1351	1130.5552	1131
2.627106	3	1378.9003	1379	1030.3097	1030
3.373169	3	1405.7192	1406	945.9908	946
4.139404	4	1434.8325	1435	874.1224	874
4.885468	5	1466.0343	1466	812.7791	813
5.625793	6	1498.5077	1499	759.50105	760
6.374725	6	1532.5411	1533	714.80585	715
7.123657	7	1565.6583	1566	678.4527	678
7.878388	8	1598.2832	1598	648.91665	649
8.62732	9	1632.7194	1633	624.86245	625
9.37915	9	1666.8727	1667	602.71855	603
10.119446	10	1702.4268	1702	583.67205	584
10.865509	11	1739.9956	1740	567.4943	567
11.628845	12	1777.9762	1778	554.0104	554
12.372009	12	1815.6808	1816	543.0984	543
13.132477	13	1853.8214	1854	533.1697	533
13.875672	14	1891.1452	1891	523.5374	524
14.618866	15	1929.4876	1929	514.1253	514
15.376466	15	1969.8448	1970	506.85145	507
16.131195	16	2009.6142	2010	500.9297	501
16.885895	17	2051.0176	2051	495.803	496
17.634858	18	2093.034	2093	489.78045	490
18.378052	18	2135.7374	2136	483.7921	484
19.126984	19	2178.8572	2179	478.1616	478
19.884583	20	2221.7742	2222	474.7209	475
20.633514	21	2263.7668	2264	472.43395	472
21.385345	21	2307.6712	2308	470.25145	470
22.131409	22	2349.8732	2350	467.32365	467
22.877472	23	2391.1072	2391	463.68215	464
23.617767	24	2433.9368	2434	461.66255	462
24.375366	24	2476.0386	2476	460.97665	461
25.135834	25	2516.3708	2516	460.05105	460
25.870361	26	2555.5704	2556	458.68135	459
26.622194	27	2594.5718	2595	457.28185	457
27.379791	27	2631.9932	2632	456.56825	457
28.11435	28	2669.3842	2669	456.1103	456
28.874816	29	2707.011	2707	456.4293	456
29.623778	30	2744.5588	2745	457.21775	457
30.364106	30	2781.3426	2781	456.79635	457
31.1073	31	2818.8172	2819	456.345	456
31.8649	32	2855.0418	2855	456.73945	457
32.608094	33	2893.7436	2894	458.0189	458
33.362794	33	2934.9122	2935	460.4153	460
34.117522	34	2977.4086	2977	460.85635	461
34.846313	35	3021.841	3022	461.23365	461
35.609681	36	3061.7312	3062	462.3092	462
36.361513	36	3099.3724	3099	463.4904	463
37.104706	37	3128.4514	3128	465.1372	465
37.859406	38	3150.2356	3150	466.9311	467
38.619872	39	3156.2504	3156	467.7842	468
39.345794	39	3151.1326	3151	468.22515	468
40.123534	40	3137.3972	3137	470.55235	471
40.872497	41	3121.0516	3121	473.4474	473
41.621459	42	3113.0612	3113	475.46235	475
42.370391	42	3114.8394	3115	476.1045	476
43.125091	43	3124.3398	3124	477.0446	477
43.868288	44	3137.975	3138	478.25615	478
44.620119	45	3152.3696	3152	480.28745	480
45.386353	45	3162.5694	3163	484.0428	484
46.115144	46	3165.1312	3165	487.44465	487
46.878509	47	3151.1562	3151	488.7801	489
47.613038	48	3120.6666	3121	490.2419	490
48.382172	48	3084.16	3084	492.5659	493
49.122466	49	3050.4294	3050	494.4784	494
49.885834	50	3015.628	3016	497.33745	497
50.623259	51	2988.4488	2988	499.62335	500
51.377959	51	2965.7732	2966	500.5149	501
52.129791	52	2944.206	2944	501.917	502
52.870088	53	2925.127	2925	505.2528	505
53.633456	54	2906.3328	2906	508.4247	508
54.362244	54	2885.4896	2885	511.194	511
55.137113	55	2863.6666	2864	513.1671	513
55.857269	56	2838.3898	2838	514.74535	515
56.626375	57	2811.7156	2812	516.32375	516
57.358063	57	2782.4094	2782	519.72225	520
58.127169	58	2752.9716	2753	523.365	523
58.870363	59	2721.7568	2722	525.8656	526
59.616456	60	2688.4432	2688	528.66105	529
60.368288	60	2654.2088	2654	530.1755	530
61.117219	61	2620.799	2621	532.63215	533
61.874819	62	2585.8172	2586	534.97205	535
62.632419	63	2551.0618	2551	538.79735	539
63.390013	63	2512.43	2512	539.3958	539
64.110169	64	2475.0278	2475	542.2806	542
64.887938	65	2437.1524	2437	545.7472	546
65.634	66	2396.5032	2397	548.29525	548
66.385831	66	2358.5474	2359	551.3391	551
67.137663	67	2319.4634	2319	554.4746	554
67.137663	67	2280.6652	2281	556.2644	556
68.638425	69	2242.7788	2243	557.7641	558
69.370088	69	2203.6508	2204	560.9889	561
70.136325	70	2164.5772	2165	565.08095	565
70.87085	71	2126.0574	2126	568.7255	569
71.62555	72	2085.5964	2086	570.77765	571
72.368744	72	2047.173	2047	573.2699	573
73.129213	73	2008.67	2009	577.3286	577
73.129213	73	1971.4826	1971	580.4162	580
74.632906	75	1936.5008	1937	584.0471	584
75.379	75	1900.3454	1900	586.47815	586
76.116425	76	1865.2298	1865	590.1073	590
76.868256	77	1828.616	1829	592.08685	592
77.622956	78	1793.6688	1794	596.2004	596
78.377688	78	1760.3918	1760	601.9823	602
79.126619	79	1726.2072	1726	606.93565	607
79.126619	79	1693.0378	1693	609.3578	609
80.613006	81	1661.0304	1661	612.17975	612
81.370606	81	1629.8746	1630	617.18555	617
81.370606	81	1598.5685	1599	620.3003	620
82.882938	83	1566.7203	1567	626.0432	626
83.623231	84	1536.2134	1536	631.90505	632
84.380863	84	1506.1727	1506	635.13305	635
85.121156	85	1476.5498	1477	638.2277	638
85.884519	86	1447.1653	1447	644.2844	644
86.630613	87	1420.3539	1420	650.30035	650
86.630613	87	1393.1566	1393	655.4033	655
88.140013	88	1366.1968	1366	659.2166	659
88.880313	89	1339.8593	1340	663.4554	663
89.635069	90	1314.0658	1314	667.9588	668
90.389769	90	1288.1633	1288	672.73655	673
91.135806	91	1264.8823	1265	679.17665	679
91.887631	92	1240.8845	1241	683.62305	684
92.636538	93	1218.1664	1218	687.91465	688
92.636538	93	1195.8547	1196	690.9709	691
94.125731	94	1173.8923	1174	694.00635	694
94.883363	95	1152.1028	1152	700.0351	700
94.883363	95	1130.8932	1131	706.57845	707
96.381225	96	1110.4235	1110	709.75855	710
97.124388	97	1090.453	1090	713.7443	714
97.124388	97	1070.1569	1070	719.35285	719
98.62805	99	1052.1071	1052	722.47575	722
99.38275	99	1034.6967	1035	727.28535	727
99.38275	99	1016.1843	1016	731.60105	732
100.866213	101	997.8792	998	733.44685	733
101.618044	102	980.5921	981	736.9019	737
101.618044	102	963.1696	963	742.64055	743
103.121706	103	946.9573	947	747.97875	748
103.870669	104	931.2954	931	751.6627	752
103.870669	104	916.1292	916	755.25685	755
105.35705	105	900.5947	901	757.458	757
106.120425	106	886.4616	886	761.43095	761
106.120425	106	871.2039	871	765.929	766
107.615475	108	856.8751	857	771.5425	772
107.615475	108	842.4888	842	775.52935	776
109.015438	109	827.8358	828	779.5587	780
109.752863	110	814.5169	815	784.12255	784
110.4845	110	800.77865	801	788.1993	788
111.22485	111	788.5606	789	792.8114	793
111.922	112	776.16405	776	798.65715	799
112.645025	113	763.9828	764	804.12225	804
113.37665	113	751.896	752	806.169	806
114.067988	114	739.5457	740	811.26685	811
114.791013	115	727.552	728	818.6461	819
115.4737	115	716.02715	716	823.9533	824
116.176575	116	705.08195	705	828.50215	829
116.853513	117	694.56635	695	833.5967	834
117.533325	118	684.6287	685	838.7733	839
118.224675	118	674.30925	674	843.5863	844
118.90735	119	664.0505	664	851.6149	852
119.575625	120	653.66085	654	857.938	858
120.235288	120	643.5352	644	862.9098	863
120.9151	121	633.9135	634	867.5869	868
121.563238	122	623.74995	624	875.1753	875
122.248775	122	613.3374	613	881.6219	882
122.891175	123	604.4233	604	888.4737	888
123.550838	124	595.28285	595	894.0136	894
124.178838	124	586.999	587	896.561	897
124.835575	125	578.6192	579	901.3244	901
125.457763	125	570.39155	570	909.0427	909
126.097288	126	562.4171	562	914.2145	914
126.716613	127	554.05785	554	919.7338	920
127.0191	127	546.52685	547	925.7444	926
127.935125	128	540.09675	540	928.3929	928
128.545838	129	533.7783	534	933.9082	934
129.159425	129	527.7404	528	940.3556	940
129.7442	130	521.49975	521	946.348	946
130.343388	130	515.29475	515	949.8219	950
130.925288	131	509.5287	510	955.1957	955
131.504338	132	503.3682	503	959.7885	960
132.086238	132	497.4882	497	963.8486	964
132.659488	133	492.3354	492	971.7274	972
133.232725	133	488.08165	488	977.6791	978
133.791563	134	482.63615	483	979.9001	980
134.356138	134	477.65525	478	982.109	982
134.909175	135	472.6707	473	989.0582	989
135.459413	135	467.49325	467	993.7072	994
136.009638	136	462.79955	463	1000.4327	1000
136.55695	137	458.8376	459	1004.6306	1005
137.101375	137	454.79845	455	1007.4707	1007
137.631413	138	450.3467	450	1011.2112	1011
138.1557	138	445.8808	446	1016.6611	1017
138.6886	139	441.8834	442	1021.9354	1022
139.207088	139	438.08555	438	1026.5076	1027
139.722713	140	434.4393	434	1031.5311	1032
140.235475	140	430.1458	430	1034.7802	1035
140.7367	141	425.8981	426	1039.8518	1040
141.246525	141	422.00745	422	1044.7999	1045
141.739138	142	418.56605	419	1051.3579	1051
142.243225	142	415.608425	416	1054.95	1055
142.738713	143	412.762775	413	1058.1995	1058
143.213988	143	409.94785	410	1061.4915	1061
143.703675	144	406.807775	407	1066.838	1067
144.167475	144	403.784275	404	1073.5887	1074
144.648563	145	400.985225	401	1078.9368	1079
145.1123	145	398.238025	398	1081.9387	1082
145.578975	146	395.712775	396	1083.3903	1083
146.036988	146	393.357325	393	1090.156	1090
146.477725	146	390.809425	391	1095.3964	1095
146.935725	147	388.525575	389	1101.281	1101
147.379338	147	386.325675	386	1105.8777	1106
147.817138	148	383.8738	384	1109.5209	1110
148.252075	148	381.50775	382	1113.3119	1113
148.675538	149	379.51125	380	1120.8326	1121
149.116213	149	377.524075	378	1124.6343	1125
149.536738	150	375.9145	376	1130.6438	1131
149.94	150	374.6007	375	1134.1814	1134
150.363463	150	372.96655	373	1135.4968	1135
150.76385	151	371.7329	372	1141.6224	1142
151.175725	151	370.55365	371	1146.394	1146
151.578975	152	369.85845	370	1154.3591	1154
151.967838	152	369.20535	369	1157.4808	1157
152.373963	152	368.576325	369	1157.8094	1158
152.742675	153	368.1568	368	1162.0856	1162
153.12005	153	368.117	368	1166.7593	1167
153.506038	154	368.404775	368	1172.665	1173
153.87475	154	368.637875	369	1177.9987	1178
154.2406	154	368.226675	368	1180.8489	1181
154.62085	155	368.5436	369	1183.0076	1183
154.96655	155	368.830325	369	1188.916	1189
155.317988	155	369.912575	370	1193.582	1194
155.6723	156	371.24915	371	1199.5414	1200
156.015138	156	372.4318	372	1202.7184	1203
156.3493	156	373.38975	373	1204.4318	1204
156.689275	157	374.04565	374	1206.3297	1206
157.029238	157	375.266975	375	1210.6069	1211
157.351863	157	376.64625	377	1216.0116	1216
157.671625	158	377.57345	378	1221.0293	1221
157.997138	158	379.1645	379	1223.1637	1223
158.296688	158	380.693225	381	1223.1125	1223
158.60205	159	382.081475	382	1227.6111	1228
158.90735	159	383.415975	383	1231.9249	1232
159.21845	159	385.216925	385	1234.7992	1235
159.5094	160	386.2557	386	1237.5773	1238
159.797488	160	387.8071	388	1238.7476	1239
160.085575	160	389.46375	389	1239.4655	1239
160.370725	160	390.915625	391	1243.317	1243
160.64435	161	392.311625	392	1248.4066	1248
160.920838	161	394.0724	394	1250.1794	1250
161.188725	161	395.778625	396	1249.8154	1250
161.4566	161	397.08065	397	1249.4604	1249
161.70435	162	398.485325	398	1252.323	1252
161.966488	162	399.4531	399	1253.4116	1253
162.2171	162	400.687	401	1258.2834	1258
162.461913	162	401.50645	402	1259.6495	1260
162.700988	163	402.390175	402	1259.5959	1260
162.940063	163	403.57605	404	1261.6726	1262
163.170538	163	404.3866	404	1266.3948	1266
163.401	163	405.463125	405	1271.4097	1271
163.625675	164	405.8251	406	1274.8518	1275
163.8446	164	405.868325	406	1277.5999	1278
164.057738	164	405.803325	406	1276.7759	1277
164.262263	164	405.770625	406	1280.8484	1281
164.469663	164	406.4542	406	1287.0573	1287
164.6742	165	406.6479	407	1292.2563	1292
164.87005	165	406.524775	407	1294.5775	1295
165.060175	165	406.505025	407	1294.1777	1294
165.247375	165	406.669075	407	1296.9138	1297
165.428838	165	406.461925	406	1299.8601	1300
165.613163	166	405.724125	406	1305.1866	1305
165.79175	166	405.806525	406	1310.8512	1311
165.961675	166	405.353275	405	1314.1893	1314
166.128788	166	404.32615	404	1314.0233	1314
166.287238	166	404.174125	404	1318.4789	1318
166.445613	166	403.75105	404	1322.9679	1323
166.598263	167	403.528325	404	1327.3739	1327
166.753788	167	402.6679	403	1330.3027	1330
166.894963	167	402.260975	402	1328.8152	1329
167.021663	167	401.4614	401	1331.8903	1332
167.162838	167	400.1337	400	1335.701	1336
167.292425	167	399.5583	400	1341.3379	1341
167.422	167	399.6522	400	1344.4736	1344
167.5487	168	398.488225	398	1345.8035	1346
167.6582	168	398.20545	398	1345.2008	1345
167.770575	168	397.756375	398	1348.2726	1348
167.874325	168	396.862675	397	1353.6307	1354
167.975163	168	396.02875	396	1357.7808	1358
168.075988	168	395.723275	396	1360.2225	1360
168.171025	168	394.61585	395	1361.5402	1362
168.260313	168	393.818825	394	1363.5675	1364
168.343875	168	393.463225	393	1365.7697	1366
168.4303	168	392.3252	392	1371.0435	1371
168.496588	168	391.7634	392	1373.0151	1373
168.5686	169	390.528325	391	1372.6722	1373
168.629088	169	389.547875	390	1373.1844	1373
168.69245	169	389.44375	389	1376.4193	1376
168.752925	169	388.869425	389	1380.2295	1380
168.804813	169	388.304175	388	1382.4758	1382
168.853825	169	387.566375	388	1387.2255	1387
168.891238	169	386.49875	386	1384.5126	1385
168.925838	169	386.693975	387	1384.6451	1385
168.957525	169	386.112125	386	1387.8824	1388
168.992063	169	386.0808	386	1390.0947	1390
169.023738	169	385.51545	386	1391.1566	1391
169.041013	169	384.857475	385	1389.0568	1389
169.092838	169	385.104525	385	1385.5758	1386
