
1178.1909
1128.0646
974.1812
871.8528
776.4668
694.5177
625.25995
594.79055
524.183
489.21355
459.8106
447.93655
431.85615
417.927975
401.9328
396.40615
391.719
388.815
385.87705
383.1637
381.7412
380.443175
379.11895
376.895075
372.845
372.6507
371.491475
367.896325
367.9036
365.846
365.299125
366.462375
368.97265
368.068225
370.20715
373.831475
371.806825
370.17265
373.037625
371.62965
370.854225
377.0855
378.046175
377.58505
380.259425
384.452
386.11485
387.0465
386.686575
389.371825
391.3269
396.39295
397.252725
397.24685
402.39795
404.90805
407.558525
407.884
410.747625
413.12265
412.07755
412.48275
410.772075
415.950625
420.61975
424.0236
424.52125
425.01995
427.20665
430.0568
433.54695
434.2903
436.6308
440.314
445.4009
446.5906
448.31725
449.3256
453.89155
456.84515
460.97035
461.466
463.2842
467.10405
470.4618
472.90865
474.046
481.78675
485.4984
489.56855
491.6295
492.56075
498.19825
500.84355
501.4633
501.9989
501.7091
507.3015
509.38415
512.02625
515.2273
516.7196
524.8506
525.6012
527.8065
532.3155
534.1458
541.6016
545.115
548.6166
553.2864
557.30675
558.64515
565.34035
569.6364
570.4944
575.05065
582.091
585.57115
588.5273
592.72695
596.8112
600.4395
607.02395
608.95995
612.24805
617.54125
623.3086
627.33645
631.0843
636.72295
640.91005
643.26485
645.96665
651.76815
655.8198
661.1782
667.17995
672.80925
677.63965
683.7522
687.6681
693.4862
700.2017
706.4245
713.35895
719.31975
724.1538
729.8142
734.1673
741.11385
745.2927
753.61515
758.8634
765.81495
772.7755
778.8831
783.6874
787.96705
794.0692
800.99565
805.0069
812.8242
818.21045
824.7453
833.3313
836.16835
846.2413
852.0966
855.0283
865.9032
873.7964
879.765
884.6462
893.0936
905.2513
911.8193
921.4835
928.1357
936.6619
942.2956
948.4589
955.203
960.1608
967.777
975.7621
984.7248
992.8615
999.3952
1007.9097
1015.6481
1024.3367
1031.099
1039.3381
1047.8424
1059.171
1071.6868
1081.9779
1090.1345
1103.9954
1112.2274
1121.1399
1129.1045
1139.5461
1145.4769
1156.4341
1168.5072
1183.3461
1190.5281
1203.4977
1216.0908
1225.2657
1235.1342
1246.4292
1259.1255
1270.4172
1284.443
1298.6256
1312.8475
1326.5853
1343.2852
1355.402
1367.8529
1383.4943
1400.446
1412.6313
1425.4171
1438.3307
1450.3634
1465.1521
1477.645
1484.1251
1491.7388
1497.6289
1503.3162
1506.0417
1502.238
1498.8104
1489.0895
1477.8142
1466.4695
1458.6897
1459.9359
1469.9313
1484.6051
1490.87
1504.866
1509.9714
1513.4769
1512.8058
1496.0907
1474.7352
1439.8804
1397.7058
1332.259
1250.4209















































































































































































































































































































































































































































































































































































































































































































































































































































































































































































































































































































































































































































































































































































































































