
392.73285
394.2636
398.90195
407.3299
411.77995
419.430275
422.5661
426.02855
432.5931
435.9846
440.2124
444.00205
448.1588
454.98385
464.159
468.70555
475.4815
479.2542
483.782
491.20895
495.79005
501.11015
504.5892
515.1604
517.3399
525.6305
531.4799
538.52485
538.1762
541.8683
547.60225
551.41435
556.61525
559.0815
563.5393
569.3357
570.5937
573.5067
585.65885
594.839
607.92165
621.2971
635.92585
653.90055
667.3785
676.49615
676.8452
672.0568
674.1157
670.66215
668.93315
665.48275
667.66035
661.4029
654.01305
641.2396
628.8603
616.1125
608.46505
604.7703
597.8077
595.2665
591.82995
591.94735
584.8576
580.49825
573.9387
571.3769
567.18745
564.49675
558.65605
551.803
548.4786
539.7254
533.718
527.7685
521.8595
513.94965
507.9924
503.6272
498.268
495.49705
490.07155
485.7668
476.94065
470.33715
467.99305
460.9632
454.0844
441.1256
433.99975
428.4048
422.88765
418.420175
416.8403
408.130575
406.125775
403.586475
402.255
398.782675
394.5301
390.40325
385.64905
381.77515
375.479125
370.587025
367.22565
362.666225
355.518975
352.9646
349.37665
344.512075
338.981975
335.826575
332.550775
327.796325
321.89375
318.258325
314.500675
311.977175
303.8298
300.564875
300.880775
299.579775
294.599975
292.59855
288.34
283.836725
281.442625
278.9641
273.849425
271.330375
268.053825
266.0162
260.271725
255.664475
255.11895
251.860925
252.641125
250.856625
248.171625
244.014675
241.2591
240.7095
237.415975
236.009
236.079
237.100625
237.7808
236.98395
236.63705
234.08755
233.700825
230.6014
229.80035
227.5968
227.06395
224.019725
223.766625
224.918375
224.294325
225.7364
227.268325
229.061425
228.5982
229.682475
229.6928
235.0526
237.1154
240.383475
246.426225
249.3498
250.053325
254.915075
258.193325
261.042475
262.71775
259.1648
259.5072
259.674775
260.644075
254.293575
251.945675
247.464725
245.2626
238.7403
237.558675
234.507625
234.52175
231.759625
230.07835
228.1847
228.13205
228.889425
229.822625
229.7435
227.1321
227.316675
228.747875
230.641675
230.637175
229.457225
231.809575
232.776525
231.939675
233.854675
234.75105
236.724425
236.293775
237.968625
240.3756
243.170625
243.162725
243.76875
247.745875
248.877325
253.4544
256.9475
261.536125
266.24665
270.538125
273.089425
276.201875
276.51145
281.690525
281.175425
284.63035
288.703775
293.551075
293.86295
301.507375
306.30215
308.224325
311.936125
318.56045
319.049475
323.049225
325.18165
325.4592
331.88155
333.559775
339.40195
343.297725
350.161825
352.42475
355.64405
359.440125
363.654325
368.796175
375.773225
380.45295
385.764675
390.413325
393.46125
398.179325
407.84185















































































































































































































































































































































































































































































































































































































































































































































































































































































































































































































































































































































































































































































































































































































































