
1279.4591
1305.0319
1331.2058
1358.0366
1415.9197
1444.965
1475.0916
1536.6228
1568.2544
1599.936
1668.3258
1703.1138
1739.2322
1811.585
1849.7738
1887.6966
1966.0598
2006.8482
2048.337
2131.956
2174.0342
2216.3776
2304.1514
2349.1626
2393.9516
2483.324
2528.6124
2571.056
2655.6806
2697.9012
2737.9196
2820.9886
2864.1606
2909.4002
3000.2612
3041.1516
3077.2126
3135.0922
3155.4646
3168.9664
3165.5496
3147.6548
3136.01
3132.2706
3144.1292
3159.5144
3188.898
3195.5372
3190.975
3147.5694
3112.271
3082.2894
3016.0396
2985.3818
2957.289
2898.7348
2867.1652
2834.3338
2765.9946
2732.4152
2696.4362
2589.4582
2552.841
2477.9344
2439.5366
2400.8748
2324.5918
2284.729
2203.2454
2163.3886
2123.1548
2084.3952
2008.687
1972.7164
1935.6202
1863.7634
1827.5084
1757.0726
1723.5888
1656.9678
1591.642
1558.6599
1527.6044
1466.2368
1437.1218
1408.1687
1351.0764
1323.8118
1297.2775
1247.5997
1224.5057
1201.9396
1159.2639
1138.6537
1118.3495
1077.7037
1057.97
1039.2856
983.1816
965.5271
929.7158
913.3997
897.2938
864.4197
847.8599
832.0765
801.941
787.22225
773.45995
745.78645
732.67695
720.7383
697.34315
686.1079
665.4992
656.4543
637.38195
611.48145
603.86
588.5106
580.71355
572.888
557.7782
550.98035
543.9341
529.9515
523.1407
516.3639
502.8179
496.0825
489.3868
477.01275
465.8772
455.11905
449.2064
444.0172
429.1277
424.05345
414.758525
410.034375
401.565
397.567625
393.729775
390.051125
383.1446
380.0571
376.97625
372.490275
370.4271
368.4659
365.17095
364.208475
363.428825
363.433625
364.471225
367.39445
369.50945
371.61265
373.6762
382.807925
385.7644
391.16795
393.196025
394.64875
396.181875
395.5573
394.8614
391.250925
388.60325
386.208625
379.691475
375.9401
372.221425
364.759175
361.83495
359.1063
353.3946
352.659575
353.20175
354.0434
354.915125
358.1506
360.25195
363.21405
368.9205
371.345575
374.379925
381.245325
384.038725
387.82135
395.810725
399.84665
404.33575
412.8208
417.3048
422.12685
431.15785
436.9179
442.0935
454.0537
459.6635
465.1974
477.79535
483.9742
490.07905
503.9994
511.6295
518.86985
534.0017
541.2414
549.60555
565.7414
574.42045
582.5205
599.25435
608.90595
619.1438
637.48645
647.494
657.5802
679.45015
690.4746
701.97435
723.7383
736.058
748.8069
773.95955
787.1071
800.1367
828.7979
843.0162
858.0831
889.0555
905.865
922.2706
956.4615
973.9938
992.1749
1029.7561
1049.6223
1070.324
1113.584
1134.413
1155.7844
1200.4589
1225.3716
1249.2008











































































































































































































































































































































































































































































































































































































































































































































































































































