
1473.2137
1416.943
1287.0052
1147.4172
1010.6927
886.8884
778.90245
696.4077
627.9522
574.10575
534.17535
504.5326
483.9884
465.84745
454.705
443.8025
436.136
428.42295
421.15995
415.9488
411.28185
409.3215
404.4885
400.29065
396.259225
397.1932
395.8161
392.9278
390.63455
389.1544
388.121975
386.291225
384.199525
382.705475
384.2622
384.9869
382.794925
382.75955
386.7587
388.25805
390.9134
391.961425
393.27405
393.08495
394.406525
397.9111
399.495975
401.46515
404.534575
406.922525
407.155125
409.39615
408.164375
411.8039
413.7615
414.7145
417.621675
419.051425
421.8556
426.01445
427.32425
430.186
433.8768
435.40215
436.346
438.5667
442.48055
445.26695
449.17595
454.06675
457.51495
460.73095
461.50665
466.8587
469.08715
472.87545
477.7895
481.97295
480.8921
483.5872
489.92645
493.4644
495.1878
498.0997
504.3285
508.5246
511.77215
515.1263
522.70165
524.48835
527.1049
534.31545
536.8031
538.9605
544.2619
552.62005
557.2915
565.1073
567.22685
570.85835
574.0797
576.4444
584.2302
586.96645
593.4882
599.72175
602.68455
607.1742
608.82795
614.73955
619.43145
621.35945
627.42125
632.4045
637.1637
640.46605
643.20555
645.9942
652.78065
657.03315
659.87825
662.97425
664.31915
666.5454
669.6782
672.67255
676.87365
683.46955
685.5003
691.3485
695.7344
701.1284
706.53475
714.9334
722.02315
730.0858
742.0664
746.0338
756.91645
765.222
775.1932
789.8949
794.71485
811.38575
815.6524
828.0092
831.55735
839.1558
849.3149
853.7954
858.1819
864.3136
870.2888
877.9964
886.5194
892.1407
899.1928
906.5291
915.627
925.355
934.9355
942.7061
955.2841
960.3201
968.8628
977.8005
986.8045
997.5938
1004.8998
1013.3893
1025.4572
1034.9883
1045.5907
1052.7133
1058.8743
1076.4095
1081.4216
1093.1331
1109.573
1115.5841
1128.8638
1150.0339
1156.3574
1179.0762
1187.4817
1203.0465
1220.0056
1234.0963
1252.4368
1266.752
1281.3832
1297.7506
1312.8751
1331.1393
1345.5587
1358.73
1373.119
1386.0671
1399.7488
1414.4122
1430.4084
1445.0516
1459.8302
1471.8467
1484.2848
1499.7659
1510.9215
1526.5291
1541.4349
1555.6771
1573.2622
1592.8054
1611.5524
1634.4669
1654.3687
1677.2408
1702.1614
1723.2818
1746.2792
1769.53
1791.6496
1814.9608
1838.492
1862.3672
1889.6258
1911.4024
1934.4632
1959.8296
1984.6176
2010.0202
2035.3846
2057.7072
2075.5668
2089.3312
2089.6596
2083.2934
2065.6058
2032.9188
1994.6966
1953.6768
1920.6512
1902.723
1895.5518
1907.4188
1931.1958
1954.0034
1973.0888
1990.4428
2005.4122
2023.139
2037.9386
2046.4166
2038.3532
2000.2104
1921.112
1803.9246
1648.1635











































































































































































































































































































































































































































































































































































































































































































































































































































































































































































































































































































































































































































































































































































































































































































































































































































































































































































































































































